# GNUBANDS: Utility for SIESTA to transform bands output into Gnuplot format
#
#                                                  Emilio Artacho, Feb. 1999
# --------------------------------------------------------------------------
# E_F               =     0.0000
# k_min, k_max      =     0.0000    4.0288
# E_min, E_max      =   -52.0000   22.0000
# Nbands, Nspin, Nk =      4     1   138
#
#        k            E
# --------------------------------------------------------------------------
      0.000000     -6.288685
      0.029493     -6.286278
      0.058985     -6.279060
      0.088478     -6.267038
      0.117971     -6.250228
      0.147463     -6.228647
      0.176956     -6.202322
      0.206449     -6.171281
      0.235941     -6.135561
      0.265434     -6.095204
      0.294927     -6.050256
      0.324419     -6.000770
      0.353912     -5.946805
      0.383405     -5.888423
      0.412897     -5.825696
      0.442390     -5.758699
      0.471883     -5.687513
      0.501375     -5.612226
      0.530868     -5.532934
      0.560361     -5.449735
      0.589853     -5.362738
      0.619346     -5.272057
      0.648839     -5.177814
      0.678331     -5.080140
      0.707824     -4.979172
      0.737317     -4.875058
      0.766809     -4.767956
      0.796302     -4.658036
      0.825795     -4.545480
      0.855288     -4.430484
      0.884780     -4.313262
      0.914273     -4.194047
      0.943766     -4.073096
      0.973258     -3.950691
      1.002751     -3.827152
      1.032244     -3.702837
      1.061736     -3.578155
      1.091229     -3.453579
      1.120722     -3.329660
      1.150214     -3.207050
      1.179707     -3.086524
      1.209200     -2.969018
      1.238692     -2.855662
      1.268185     -2.747831
      1.297678     -2.647180
      1.327170     -2.555681
      1.356663     -2.475614
      1.386156     -2.409492
      1.415648     -2.359867
      1.445141     -2.329014
      1.474634     -2.318536
      1.503992     -2.315271
      1.533350     -2.305571
      1.562707     -2.289715
      1.592065     -2.268159
      1.621423     -2.241527
      1.650781     -2.210586
      1.680139     -2.176222
      1.709497     -2.139404
      1.738855     -2.101146
      1.768213     -2.062454
      1.797571     -2.024288
      1.826929     -1.987512
      1.856287     -1.952867
      1.885645     -1.920949
      1.915003     -1.892203
      1.944361     -1.866930
      1.973719     -1.845302
      2.003076     -1.827387
      2.032434     -1.813173
      2.061792     -1.802590
      2.091150     -1.795530
      2.120508     -1.791866
      2.149866     -1.791463
      2.179224     -1.794189
      2.208582     -1.799917
      2.237940     -1.808537
      2.267298     -1.819949
      2.296656     -1.834073
      2.326014     -1.850843
      2.355372     -1.950942
      2.384730     -2.052410
      2.414088     -2.155122
      2.443445     -2.258953
      2.472803     -2.363778
      2.502161     -2.469472
      2.531519     -2.575911
      2.560877     -2.682967
      2.590235     -2.790517
      2.619593     -2.898435
      2.648951     -3.006595
      2.678309     -3.114872
      2.707667     -3.223142
      2.737025     -3.331277
      2.766383     -3.439156
      2.795741     -3.546652
      2.825099     -3.653642
      2.854457     -3.760003
      2.883815     -3.865613
      2.913172     -3.970349
      2.942530     -4.074091
      2.971888     -4.176720
      3.001246     -4.278116
      3.030604     -4.378163
      3.059962     -4.476744
      3.089320     -4.573746
      3.118678     -4.669055
      3.148036     -4.762562
      3.177394     -4.854156
      3.206752     -4.943733
      3.236110     -5.031186
      3.265468     -5.116414
      3.294826     -5.199317
      3.324184     -5.279798
      3.353541     -5.357763
      3.382899     -5.433120
      3.412257     -5.505780
      3.441615     -5.575658
      3.470973     -5.642672
      3.500331     -5.706743
      3.529689     -5.767794
      3.559047     -5.825755
      3.588405     -5.880555
      3.617763     -5.932131
      3.647121     -5.980421
      3.676479     -6.025369
      3.705837     -6.066919
      3.735195     -6.105025
      3.764553     -6.139639
      3.793911     -6.170721
      3.823268     -6.198234
      3.852626     -6.222145
      3.881984     -6.242426
      3.911342     -6.259053
      3.940700     -6.272005
      3.970058     -6.281268
      3.999416     -6.286830
      4.028774     -6.288685


      0.000000      0.000000
      0.029493      0.000000
      0.058985      0.000000
      0.088478      0.000000
      0.117971      0.000000
      0.147463      0.000000
      0.176956      0.000000
      0.206449      0.000000
      0.235941      0.000000
      0.265434      0.000000
      0.294927      0.000000
      0.324419      0.000000
      0.353912      0.000000
      0.383405      0.000000
      0.412897      0.000000
      0.442390      0.000000
      0.471883      0.000000
      0.501375      0.000000
      0.530868      0.000000
      0.560361      0.000000
      0.589853      0.000000
      0.619346      0.000000
      0.648839      0.000000
      0.678331      0.000000
      0.707824      0.000000
      0.737317      0.000000
      0.766809      0.000000
      0.796302      0.000000
      0.825795      0.000000
      0.855288      0.000000
      0.884780      0.000000
      0.914273      0.000000
      0.943766      0.000000
      0.973258      0.000000
      1.002751      0.000000
      1.032244      0.000000
      1.061736      0.000000
      1.091229      0.000000
      1.120722      0.000000
      1.150214      0.000000
      1.179707      0.000000
      1.209200      0.000000
      1.238692      0.000000
      1.268185      0.000000
      1.297678      0.000000
      1.327170      0.000000
      1.356663      0.000000
      1.386156      0.000000
      1.415648      0.000000
      1.445141      0.000000
      1.474634      0.000000
      1.503992      0.000000
      1.533350      0.000000
      1.562707      0.000000
      1.592065      0.000000
      1.621423      0.000000
      1.650781      0.000000
      1.680139      0.000000
      1.709497      0.000000
      1.738855      0.000000
      1.768213      0.000000
      1.797571      0.000000
      1.826929      0.000000
      1.856287      0.000000
      1.885645      0.000000
      1.915003      0.000000
      1.944361      0.000000
      1.973719      0.000000
      2.003076      0.000000
      2.032434      0.000000
      2.061792      0.000000
      2.091150      0.000000
      2.120508      0.000000
      2.149866      0.000000
      2.179224      0.000000
      2.208582      0.000000
      2.237940      0.000000
      2.267298      0.000000
      2.296656      0.000000
      2.326014      0.000000
      2.355372      0.000000
      2.384730      0.000000
      2.414088      0.000000
      2.443445      0.000000
      2.472803      0.000000
      2.502161      0.000000
      2.531519      0.000000
      2.560877      0.000000
      2.590235      0.000000
      2.619593      0.000000
      2.648951      0.000000
      2.678309      0.000000
      2.707667      0.000000
      2.737025      0.000000
      2.766383      0.000000
      2.795741      0.000000
      2.825099      0.000000
      2.854457      0.000000
      2.883815      0.000000
      2.913172      0.000000
      2.942530      0.000000
      2.971888      0.000000
      3.001246      0.000000
      3.030604      0.000000
      3.059962      0.000000
      3.089320      0.000000
      3.118678      0.000000
      3.148036      0.000000
      3.177394      0.000000
      3.206752      0.000000
      3.236110      0.000000
      3.265468      0.000000
      3.294826      0.000000
      3.324184      0.000000
      3.353541      0.000000
      3.382899      0.000000
      3.412257      0.000000
      3.441615      0.000000
      3.470973      0.000000
      3.500331      0.000000
      3.529689      0.000000
      3.559047      0.000000
      3.588405      0.000000
      3.617763      0.000000
      3.647121      0.000000
      3.676479      0.000000
      3.705837      0.000000
      3.735195      0.000000
      3.764553      0.000000
      3.793911      0.000000
      3.823268      0.000000
      3.852626      0.000000
      3.881984      0.000000
      3.911342      0.000000
      3.940700      0.000000
      3.970058      0.000000
      3.999416      0.000000
      4.028774      0.000000


      0.000000      0.062782
      0.029493      0.062781
      0.058985      0.062781
      0.088478      0.062780
      0.117971      0.062778
      0.147463      0.062776
      0.176956      0.062774
      0.206449      0.062771
      0.235941      0.062767
      0.265434      0.062763
      0.294927      0.062758
      0.324419      0.062753
      0.353912      0.062747
      0.383405      0.062741
      0.412897      0.062733
      0.442390      0.062725
      0.471883      0.062715
      0.501375      0.062705
      0.530868      0.062693
      0.560361      0.062681
      0.589853      0.062666
      0.619346      0.062650
      0.648839      0.062632
      0.678331      0.062611
      0.707824      0.062589
      0.737317      0.062563
      0.766809      0.062533
      0.796302      0.062500
      0.825795      0.062461
      0.855288      0.062417
      0.884780      0.062366
      0.914273      0.062306
      0.943766      0.062236
      0.973258      0.062153
      1.002751      0.062053
      1.032244      0.061933
      1.061736      0.061785
      1.091229      0.061601
      1.120722      0.061368
      1.150214      0.061067
      1.179707      0.060669
      1.209200      0.060127
      1.238692      0.059363
      1.268185      0.058234
      1.297678      0.056473
      1.327170      0.053526
      1.356663      0.048199
      1.386156      0.038228
      1.415648      0.022326
      1.445141      0.006484
      1.474634      0.000001
      1.503992      0.002209
      1.533350      0.008457
      1.562707      0.017557
      1.592065      0.027565
      1.621423      0.036519
      1.650781      0.043477
      1.680139      0.048582
      1.709497      0.052354
      1.738855      0.055257
      1.768213      0.057608
      1.797571      0.059609
      1.826929      0.061385
      1.856287      0.063017
      1.885645      0.064555
      1.915003      0.066033
      1.944361      0.067471
      1.973719      0.068883
      2.003076      0.070278
      2.032434      0.071660
      2.061792      0.073030
      2.091150      0.074389
      2.120508      0.075735
      2.149866      0.077066
      2.179224      0.078378
      2.208582      0.079670
      2.237940      0.080935
      2.267298      0.082171
      2.296656      0.083372
      2.326014      0.084535
      2.355372      0.084380
      2.384730      0.084177
      2.414088      0.083931
      2.443445      0.083647
      2.472803      0.083328
      2.502161      0.082977
      2.531519      0.082598
      2.560877      0.082193
      2.590235      0.081764
      2.619593      0.081316
      2.648951      0.080848
      2.678309      0.080365
      2.707667      0.079867
      2.737025      0.079357
      2.766383      0.078836
      2.795741      0.078307
      2.825099      0.077770
      2.854457      0.077227
      2.883815      0.076680
      2.913172      0.076130
      2.942530      0.075578
      2.971888      0.075027
      3.001246      0.074476
      3.030604      0.073927
      3.059962      0.073382
      3.089320      0.072841
      3.118678      0.072306
      3.148036      0.071777
      3.177394      0.071256
      3.206752      0.070744
      3.236110      0.070241
      3.265468      0.069748
      3.294826      0.069267
      3.324184      0.068798
      3.353541      0.068341
      3.382899      0.067899
      3.412257      0.067471
      3.441615      0.067058
      3.470973      0.066660
      3.500331      0.066280
      3.529689      0.065916
      3.559047      0.065570
      3.588405      0.065242
      3.617763      0.064933
      3.647121      0.064643
      3.676479      0.064373
      3.705837      0.064122
      3.735195      0.063893
      3.764553      0.063684
      3.793911      0.063496
      3.823268      0.063329
      3.852626      0.063185
      3.881984      0.063062
      3.911342      0.062961
      3.940700      0.062883
      3.970058      0.062827
      3.999416      0.062793
      4.028774      0.062782


      0.000000      4.006743
      0.029493      4.004337
      0.058985      3.997119
      0.088478      3.985099
      0.117971      3.968290
      0.147463      3.946711
      0.176956      3.920388
      0.206449      3.889351
      0.235941      3.853634
      0.265434      3.813281
      0.294927      3.768338
      0.324419      3.718857
      0.353912      3.664897
      0.383405      3.606523
      0.412897      3.543803
      0.442390      3.476814
      0.471883      3.405637
      0.501375      3.330361
      0.530868      3.251080
      0.560361      3.167895
      0.589853      3.080912
      0.619346      2.990247
      0.648839      2.896023
      0.678331      2.798368
      0.707824      2.697423
      0.737317      2.593335
      0.766809      2.486263
      0.796302      2.376376
      0.825795      2.263858
      0.855288      2.148907
      0.884780      2.031736
      0.914273      1.912581
      0.943766      1.791699
      0.973258      1.669379
      1.002751      1.545939
      1.032244      1.421745
      1.061736      1.297210
      1.091229      1.172818
      1.120722      1.049132
      1.150214      0.926822
      1.179707      0.806695
      1.209200      0.689730
      1.238692      0.577140
      1.268185      0.470437
      1.297678      0.371547
      1.327170      0.282994
      1.356663      0.208255
      1.386156      0.152105
      1.415648      0.118380
      1.445141      0.103370
      1.474634      0.099375
      1.503992      0.100938
      1.533350      0.106061
      1.562707      0.116103
      1.592065      0.133279
      1.621423      0.159923
      1.650781      0.197417
      1.680139      0.246114
      1.709497      0.306002
      1.738855      0.377106
      1.768213      0.459532
      1.797571      0.553392
      1.826929      0.658728
      1.856287      0.775449
      1.885645      0.903304
      1.915003      1.041862
      1.944361      1.190523
      1.973719      1.348533
      2.003076      1.515007
      2.032434      1.688960
      2.061792      1.869332
      2.091150      2.055012
      2.120508      2.244863
      2.149866      2.437735
      2.179224      2.632486
      2.208582      2.827985
      2.237940      3.023127
      2.267298      3.216841
      2.296656      3.408091
      2.326014      3.595888
      2.355372      3.610872
      2.384730      3.625624
      2.414088      3.640127
      2.443445      3.654368
      2.472803      3.668336
      2.502161      3.682021
      2.531519      3.695415
      2.560877      3.708511
      2.590235      3.721306
      2.619593      3.733795
      2.648951      3.745975
      2.678309      3.757845
      2.707667      3.769404
      2.737025      3.780652
      2.766383      3.791588
      2.795741      3.802216
      2.825099      3.812535
      2.854457      3.822548
      2.883815      3.832258
      2.913172      3.841666
      2.942530      3.850776
      2.971888      3.859592
      3.001246      3.868115
      3.030604      3.876350
      3.059962      3.884300
      3.089320      3.891969
      3.118678      3.899359
      3.148036      3.906475
      3.177394      3.913320
      3.206752      3.919898
      3.236110      3.926211
      3.265468      3.932264
      3.294826      3.938060
      3.324184      3.943601
      3.353541      3.948892
      3.382899      3.953934
      3.412257      3.958731
      3.441615      3.963286
      3.470973      3.967602
      3.500331      3.971681
      3.529689      3.975525
      3.559047      3.979137
      3.588405      3.982519
      3.617763      3.985673
      3.647121      3.988601
      3.676479      3.991305
      3.705837      3.993786
      3.735195      3.996047
      3.764553      3.998088
      3.793911      3.999910
      3.823268      4.001516
      3.852626      4.002905
      3.881984      4.004080
      3.911342      4.005039
      3.940700      4.005785
      3.970058      4.006318
      3.999416      4.006637
      4.028774      4.006743


