1.39024   0.0158757   0.14774699573541267
2.80991   0.0528   0.14437394412985335
3.48801   1.30056   0.14551066283953215
4.90771   1.33689   0.14093617562570693
5.58656   2.58418   0.14103434510784907
7.00632   2.61964   0.13605513220749904
7.686   3.86643   0.1357460028877453
9.1058   3.9011   0.1305801183182172
9.78624   5.14745   0.1300615596554185
11.2061   5.18138   0.12448180589949669
11.8874   6.42723   0.1235209799993506
13.3073   6.46014   0.11714430459907134
13.9898   7.7053   0.1151921546807762
15.4098   7.7367   0.10811767709306315
16.0938   8.98094   0.10515665884764348
2.74628   2.51162   0.14432194289157796
3.42518   3.75895   0.14421304830007547
4.84495   3.79535   0.14016663832738563
5.52478   5.04211   0.1395287615511585
6.94462   5.07781   0.1349953139927455
7.62529   6.32404   0.13419911512375865
9.0452   6.35909   0.12940219665832633
9.72674   7.60482   0.12822958979892302
11.1467   7.63916   0.12287299784737121
11.8294   8.88421   0.1208091391410431
13.2495   8.91749   0.11455439799501396
13.9337   10.1616   0.1114385032203861
15.354   10.1934   0.10446975638911103
16.04   11.4365   0.1004463040634155
17.4604   11.4665   0.0933064842334116
18.148   12.7086   0.08905604976642484
4.78369   6.25354   0.13791022913475268
5.46445   7.4998   0.136910748299759
6.88438   7.53563   0.13296449488491258
7.56607   8.78131   0.13164731406299232
8.98609   8.81661   0.12717123102337138
9.66894   10.0616   0.1250402335250547
11.0891   10.0962   0.11987718715418631
11.7735   11.3403   0.11660608903483521
13.1938   11.3739   0.11056988740158877
13.88   12.6168   0.10626292862517912
15.3005   12.649   0.0997211111049204
15.9886   13.8909   0.09474138483260515
17.4093   13.9216   0.08801624849992098
18.0989   15.1625   0.08320468736795812
19.5196   15.192   0.07689330269925933
20.2102   16.4324   0.0730149299801067
6.82565   9.99314   0.12997537382135038
7.50852   11.2382   0.12769603126174228
8.92869   11.2735   0.12363748177636118
9.61317   12.5176   0.12019336462550617
11.0335   12.5523   0.11541542357934569
11.7199   13.7953   0.11084056116783182
13.1404   13.8291   0.10528983806616873
13.8288   15.0708   0.09981753352993677
15.2496   15.1034   0.09377254395610789
15.9397   16.3441   0.08820549869480877
17.3606   16.3756   0.08208928066440592
18.0519   17.6156   0.07727282834218016
19.4729   17.6461   0.07148832072443702
20.1649   18.8858   0.06824793037155027
21.5858   18.9159   0.06311148865301694
22.2778   20.1558   0.0625186372212324
8.8734   13.7297   0.1182997671172673
9.55983   14.9727   0.11345868146598506
10.9804   15.0074   0.10924586948713494
11.6689   16.2491   0.10343746903322713
13.0897   16.2831   0.09865591720723078
13.7802   17.5237   0.0923887439031403
15.2011   17.5568   0.08718824462047609
15.893   18.7965   0.0816129278974847
17.3141   18.8287   0.076197178425451
18.0069   20.0679   0.07221890334254455
19.428   20.0995   0.06696230282778481
20.121   21.3387   0.06565889124863465
21.542   21.3701   0.06078429073370854
22.2346   22.6098   0.06273316507239059
23.6554   22.6414   0.05839529090603048
24.3471   23.8817   0.06328743951211876
10.93   17.4615   0.1014937929136561
11.6206   18.7021   0.09506439922494671
13.0415   18.7362   0.0910491076287955
13.7337   19.9757   0.08494221565275939
15.1549   20.0092   0.08052049428561606
15.8482   21.2481   0.07597650952761557
17.2694   21.281   0.07130953652913409
17.963   22.5197   0.06942405923021183
19.3842   22.5523   0.06489422162257462
20.0776   23.7913   0.06646058982585126
21.4987   23.8239   0.06215279559279741
12.9956   21.1884   0.08340731382798516
13.689   22.4273   0.07855074792769283
15.1103   22.4608   0.07495672084609806
15.8043   23.6994   0.07260633581169046
17.2255   23.7327   0.0689564355227262
9.90892   0.231028   0.12986187529833426
11.3286   0.264223   0.12406781152257014
12.008   1.51119   0.12470767578621665
5.64946   0.125744   0.1407817495274151
7.06914   0.16102   0.13543514207545865
7.74792   1.40833   0.1359451529110171
9.16763   1.44266   0.13047845186083354
9.84712   2.68954   0.13071263787407736
11.2669   2.72304   0.12496545962785119
11.947   3.96952   0.12483862743558126
13.3668   4.00201   0.11856361161840558
14.0479   5.24799   0.11762856965890593
22.1912   25.0636   0.06702544293027826
23.6121   25.0964   0.06303403842369565
24.3032   26.337   0.07026336171860727
25.7239   26.3703   0.06659744739852941
26.4133   27.612   0.07516209150895188
17.9194   24.9714   0.07005562075950814
19.3406   25.0047   0.06646578066945434
20.0338   26.2439   0.07100859102953606
21.4548   26.2774   0.06749533317200412
22.1466   27.5174   0.07480588212166187
23.5674   27.5512   0.07143500542451116
24.2574   28.7924   0.08011429335642901
25.6779   28.8265   0.0769626532806661
26.3659   30.069   0.08616751127890394
27.7862   30.1033   0.08306455321013892
28.472   31.3472   0.09203119036500618
15.0665   24.9121   0.07183557614441423
15.7604   26.1507   0.07242416723718607
17.1817   26.1842   0.06997771073706296
17.8751   27.4231   0.07412934641557198
19.2962   27.4568   0.07175033100968828
19.9884   28.6965   0.07868557682320072
21.4093   28.7307   0.07617466770521657
22.0997   29.9715   0.08474963126763398
23.5204   30.0059   0.08218229736384783
24.2086   31.248   0.09128099473603354
25.6291   31.2827   0.08863464333994957
26.3152   32.5261   0.09764030929897619
27.7354   32.561   0.09487702567007403
28.4194   33.8057   0.10325255444781851
29.8394   33.8408   0.10052964736832726
30.5215   35.0866   0.1079916200452601
17.1369   28.6356   0.07450187917093046
17.8291   29.8752   0.08094739032235747
19.2501   29.9091   0.07975913740757282
19.9406   31.1497   0.08789112583190652
21.3614   31.1842   0.08650578015369795
22.0498   32.426   0.09524940944698819
23.4704   32.4609   0.09352561146552218
24.1567   33.704   0.10220195692842723
25.577   33.7391   0.10002439702392613
26.2612   34.9835   0.10815447286173663
27.6814   35.0188   0.10578761742283484
28.3637   36.2643   0.11310353663789693
29.7838   36.2998   0.11058272921211569
30.4647   37.5462   0.11697820309784235
31.8846   37.5819   0.11420704881923832
32.5645   38.829   0.11972025726667938
34.6635   40.1122   0.12106700624034498
19.2016   32.362   0.08902887172147829
19.8901   33.6037   0.09739327492183165
21.3107   33.6383   0.09683940313735875
21.997   34.8813   0.1050800171298045
23.4175   34.9163   0.10410691619676418
24.1018   36.1605   0.11176287397879485
25.522   36.1959   0.11015761435325114
26.2046   37.4411   0.11715054417287127
27.6247   37.4768   0.11504503466034649
28.306   38.7229   0.12139868203567827
29.726   38.7589   0.11909533995921058
30.4062   40.0056   0.12481970998203648
31.826   40.0418   0.12192735542116812
32.5053   41.2891   0.12697279236119788
33.925   41.3251   0.12335955577092554
34.6037   42.5728   0.1274483817080466
36.0233   42.6082   0.12308931716440678
36.7017   43.8561   0.12629049845495124
21.2572   36.0933   0.10643007093862175
21.9416   37.3373   0.11379042138950128
23.3618   37.3725   0.11312210217282737
24.0446   38.6175   0.119837681886791
25.4647   38.6531   0.11862963373457697
26.1463   39.8989   0.12482055119250304
27.5663   39.935   0.12303292242322732
28.2468   41.1814   0.12897053927157162
29.6666   41.2179   0.1266760040418076
30.3462   42.4649   0.13219659602274095
31.7659   42.5015   0.12910968205367077
32.4446   43.7491   0.1337389995476259
33.8643   43.7853   0.12977680840581618
34.5425   45.0331   0.13332389133234857
35.9621   45.0685   0.12852816811889803
36.6402   46.3163   0.13100820584986286
38.0598   46.3506   0.12566690097237096
38.7382   47.5982   0.12750741154928913
23.3041   39.8293   0.12077396242567932
23.9857   41.075   0.12662957790342572
25.4057   41.1106   0.1258561480421198
26.0864   42.3569   0.13166419406961022
27.5063   42.3931   0.13034799576518374
28.1861   43.64   0.13611645749136964
29.6059   43.6767   0.13402436345679766
30.2846   44.9242   0.13909626163200733
31.7043   44.9609   0.13593803735526014
32.3824   46.2088   0.1399386294058924
33.802   46.245   0.13543389531428315
34.4799   47.493   0.13810416358676442
35.8996   47.5282   0.13276739057464404
36.5778   48.7759   0.134406287055329
37.9974   48.8101   0.1288606223793752
25.3453   43.5682   0.13250758468857612
26.025   44.815   0.138022824199479
27.4449   44.8513   0.13716285940443065
28.1237   46.0986   0.14249143833929023
29.5434   46.1355   0.1405983641441104
30.2215   47.3833   0.14474563896711995
31.6412   47.4202   0.1414291695514035
32.319   48.6681   0.14416830442229547
33.7386   48.7044   0.13943145269271187
27.382   47.3096   0.1427249452618546
28.0601   48.5574   0.1468110009502003
29.4797   48.5943   0.14506884572505493
17.514   9.01046   0.09763961491116163
18.1997   10.2537   0.09423672320279246
19.62   10.2814   0.08680783374788231
20.3072   11.5238   0.0834689762726226
21.7277   11.55   0.07665128831272304
22.4158   12.7919   0.07422816177165967
23.8363   12.8175   0.06861610598103007
24.5249   14.0593   0.06737403060527035
25.9454   14.0849   0.06315172206678175
26.6339   15.327   0.0634573084837349
28.0542   15.3531   0.06027644647787252
28.7422   16.5957   0.062037569262502375
30.1624   16.6227   0.059320991225702877
30.8497   17.866   0.06201782001973219
32.2698   17.8938   0.05951856853117585
32.9562   19.1378   0.06274400369756486
19.5686   12.7371   0.08218832033810967
20.2576   13.9785   0.07831334496750883
21.6782   14.0059   0.07228457650148995
22.3679   15.247   0.06964352087595874
23.7885   15.274   0.06455455057546276
24.4783   16.5152   0.06378048290817426
25.8989   16.5424   0.05965861211928923
26.5883   17.7841   0.060711283959409376
28.0088   17.8121   0.057278617301744945
28.6976   19.0543   0.05990083471872447
30.1179   19.0832   0.05665386129823789
30.8058   20.3262   0.06030339957249458
32.2259   20.3558   0.05726936353758376
32.9128   21.5996   0.0615964284678916
34.3327   21.6299   0.0586972742126932
35.0185   22.8746   0.06355139652281332
21.631   16.4611   0.0673892424649511
22.322   17.7015   0.06538386651154869
23.7428   17.7301   0.06056030052765628
24.4336   18.9708   0.060860660528784354
25.8542   18.9998   0.05682789807832166
26.5444   20.2411   0.05931905258852333
27.9649   20.2709   0.05568796997557016
28.6542   21.5129   0.05980142138778941
30.0745   21.5434   0.05626153215119486
30.7627   22.7863   0.06155647813187392
32.1828   22.8175   0.05806625526069346
32.8697   24.0613   0.06406980568099122
34.2896   24.093   0.06093160099652657
23.6986   20.1859   0.058028355137811544
24.3901   21.4263   0.060233794501093015
25.8108   21.457   0.05616742828365859
26.5014   22.6981   0.060833789952623285
27.9218   22.7294   0.057097197829666504
28.6112   23.9715   0.06317982272846308
30.0315   24.0034   0.05962566561473332
25.7677   23.9138   0.05938324679570866
22.6885   0.506109   0.08555890623424237
18.4283   0.42392   0.1024977952201891
19.8479   0.449876   0.09433904252217139
20.5286   1.69585   0.09433026873702746
21.9483   1.71948   0.08615275329320563
22.63   2.96486   0.08585716102923405
24.0497   2.98656   0.07870605821663236
24.7323   4.23139   0.07852774605195303
14.1685   0.331169   0.11776852816011497
15.5881   0.361597   0.11097524409074315
16.2681   1.60818   0.11104399308382275
17.6878   1.63662   0.10338263684004124
18.3685   2.88267   0.10289115656848159
19.7883   2.90884   0.09458137290185638
20.4701   4.1542   0.09358527074278403
21.89   4.17821   0.0854427082904089
22.5731   5.42285   0.08439807817717224
23.993   5.44519   0.07731830055038738
24.6771   6.68927   0.07666708811478365
26.0971   6.71066   0.071373423625323
26.7819   7.95446   0.07142182859602525
13.4276   1.54332   0.11853713553144345
14.1076   2.7899   0.11850931988666503
15.5274   2.82056   0.11142757468418682
16.2083   4.06661   0.11068592006212799
17.6281   4.09533   0.10285643830115881
18.3101   5.34065   0.1013496546614734
19.7301   5.3672   0.09315899097779005
20.4135   6.61168   0.09126375184047535
21.8336   6.63628   0.08350378733925759
22.5183   7.88001   0.08169861932737765
23.9385   7.90323   0.07506129228836891
24.6242   9.14649   0.0740057430203897
26.0444   9.16909   0.0690693774403682
26.7306   10.4122   0.06907778224581253
28.1507   10.4349   0.06605013247526376
28.8368   11.6783   0.0673339438916199
15.4677   5.279   0.11047726870266134
16.15   6.52427   0.10864939024219201
17.57   6.55335   0.10081936371550704
18.2537   7.79771   0.09841696449291759
19.6739   7.82475   0.0904298208557329
20.3592   9.06821   0.08778165013258665
21.7794   9.09355   0.0804710159001354
22.4659   10.3363   0.07822467641351982
23.8863   10.3606   0.07211442296794765
24.5735   11.6031   0.0709105069788674
25.9939   11.6271   0.0662480943122125
26.6812   12.8697   0.06652307870205658
28.1015   12.8941   0.06337389052283111
28.7885   14.1371   0.064856842352985
30.2087   14.1622   0.06265548659135774
30.8951   15.4058   0.06486169902184195
34.975   25.338   0.06724143068079409
36.3947   25.3703   0.06445261825558264
37.0784   26.6163   0.07071640545163413
30.7194   25.2465   0.0666322744621541
32.1395   25.2789   0.06315924318735852
32.8257   26.5231   0.07058122979943059
34.2456   26.556   0.06747481011459022
34.93   27.8013   0.07473258994575205
36.3496   27.8347   0.07181288185277081
37.0323   29.0811   0.07855246654306937
38.4518   29.1148   0.07539588848206433
39.1332   30.362   0.08099907406878212
40.5526   30.3957   0.07727891044780562
41.2333   31.6434   0.08136049409879376
26.4581   25.1551   0.06619274884758877
27.8785   25.1877   0.06249631989165308
28.5673   26.43   0.07045353078448288
29.9875   26.4631   0.06699917909944886
30.6745   27.7066   0.0752729034912298
32.0945   27.7401   0.07201784501080079
32.7795   28.9849   0.08012627534086371
34.1993   29.0186   0.0771068090378534
34.8824   30.2646   0.08472343241394216
36.3021   30.2986   0.08166633333265351
36.9836   31.5456   0.08825627456447434
38.4031   31.5797   0.08462990015355167
39.0837   32.8273   0.08982098863851369
40.5031   32.8611   0.08534383398934005
41.1832   34.1089   0.08906677270452734
42.6027   34.1418   0.08375947707573096
43.2828   35.3894   0.08629716101935272
27.8337   27.6456   0.07173074654567561
28.5212   28.8886   0.08063485598672554
29.9414   28.9225   0.07738533452793234
30.6268   30.1668   0.0861199163956853
32.0468   30.201   0.08307592912510671
32.7302   31.4464   0.09119024070590051
34.15   31.4809   0.08824834276064342
34.8318   32.7274   0.09545747744414806
36.2514   32.762   0.09213544377708248
36.9319   34.0093   0.09809245638681802
38.3515   34.0438   0.09408108205160082
39.0313   35.2915   0.09852598641982707
40.4509   35.3254   0.0936461958650745
41.1306   36.5731   0.09675107234547765
42.5501   36.6059   0.09108589352912995
43.2299   37.8534   0.09330257231180684
44.6495   37.8845   0.08704676903826031
45.3295   39.1318   0.08880962785644252
29.8921   31.3817   0.08911975089731752
30.5758   32.6268   0.09747748457977448
31.9958   32.6615   0.09463672648607305
32.6777   33.9077   0.10216941812499448
34.0974   33.9426   0.09899540393371717
34.778   35.1896   0.10542836430486796
36.1977   35.2246   0.10187001521546887
36.8774   36.4721   0.10682593318103913
38.297   36.5068   0.10256164000248737
38.9764   37.7545   0.10627407962433666
40.3961   37.7885   0.10122988689117447
41.0755   39.0361   0.10388854604815588
42.495   39.0688   0.09797739535219259
43.1746   40.3162   0.10003189491357291
44.5942   40.3471   0.09351625527147515
45.2739   41.5942   0.09528551831206965
46.6935   41.6229   0.08823140030623881
47.3735   42.8698   0.0899556001591892
31.9415   35.1218   0.10525858634809751
32.6222   36.3685   0.11173813136078499
34.0419   36.4039   0.10852935086878528
34.7217   37.6512   0.11389337118550742
36.1414   37.6864   0.11012483825186618
36.8206   38.9341   0.11430349950898237
38.2403   38.9688   0.10981356928904598
38.9193   40.2165   0.11295884206205456
40.3389   40.2504   0.1077820949879896
41.0181   41.4979   0.11015743279506786
42.4377   41.5304   0.10415930107292422
43.117   42.7777   0.10621228742476231
44.5366   42.8084   0.09947386591462026
45.2161   44.0555   0.10126228320554449
46.6357   44.084   0.09394562256965645
47.3154   45.3308   0.09558399447606306
48.735   45.3569   0.08783729276338169
49.415   46.6033   0.08939519002720313
33.9843   38.8647   0.11647531927408454
36.0831   40.1476   0.1170546453584817
36.7619   41.3953   0.1206096596463159
38.1816   41.43   0.11598599053333968
38.8603   42.6777   0.11872413402505812
40.2799   42.7113   0.1134344744775585
40.9588   43.9589   0.11561820790861711
42.3784   43.9911   0.10962531641915556
43.0576   45.2384   0.11145878161903477
44.4772   45.2688   0.10471069668376566
45.1566   46.5159   0.1062786431979623
46.5761   46.5442   0.09879989878537165
47.2558   47.7909   0.09999089958591183
48.6754   47.8168   0.09199097781847883
49.3555   49.0631   0.09291786695786709
50.7751   49.0866   0.08484202967868995
38.1213   43.8906   0.12129719699976504
38.7998   45.1383   0.12367655396234044
40.2194   45.1716   0.11811426670813249
40.8982   46.4191   0.12000787474161698
42.3178   46.4511   0.11393559584256355
42.9969   47.6983   0.11545380028392387
44.4165   47.7286   0.10861836861231154
45.096   48.9755   0.10963804084349646
46.5156   49.0038   0.10200495086024049
40.1579   47.6313   0.12175766916297176
40.8368   48.8786   0.12304568257358713
42.2564   48.9106   0.11700209399835493
34.3761   19.1665   0.060449069471745616
35.0616   20.4113   0.06404482805035898
36.4814   20.4409   0.06217788996098155
37.1659   21.6864   0.06609954614065132
38.5854   21.7171   0.0644591343410696
39.2688   22.9635   0.06857011010637114
40.6881   22.9952   0.06703454333401371
41.3704   24.2424   0.07082725464113383
42.7896   24.2748   0.06895433271376093
36.4382   22.9056   0.06113501451705047
37.1225   24.1513   0.06624537719720461
38.542   24.1832   0.06408073033291548
31.2092   0.646646   0.07614906303428794
32.6288   0.665202   0.07987888737958301
33.31   1.91069   0.0825145738642572
34.7296   1.93045   0.087786496114153
35.4106   3.17621   0.09034703149522784
26.9489   0.578696   0.07419290856274655
28.3686   0.59729   0.07186320644808382
29.0502   1.8425   0.07362308673235424
30.4698   1.86092   0.07433029059542241
31.1516   3.10611   0.07637278572894846
32.5712   3.12517   0.07943958018519626
33.253   4.37053   0.08162327425434546
34.6726   4.39093   0.08605920578299295
35.3542   5.63661   0.08831399945648594
36.7737   5.65884   0.09319807079548292
37.4549   6.90491   0.09552712913094126
24.1082   0.527455   0.07841932624678587
24.7896   1.77286   0.07898536826526713
26.2093   1.79268   0.07371470409626545
26.8913   3.03771   0.07450722716622828
28.311   3.05679   0.07192118185903179
28.9935   4.30164   0.07316106136463564
30.4133   4.32081   0.07330378980652964
31.096   5.56569   0.07503627389469697
32.5156   5.58567   0.07735395012538311
33.1982   6.83082   0.07949837985770417
34.6178   6.85218   0.08298362730080915
35.3   8.09774   0.08538100257083077
36.7196   8.12083   0.08905933359283515
37.4013   9.36686   0.09150043715742655
38.8209   9.39191   0.09488258217396914
39.5021   10.6384   0.09722155110879535
26.1521   4.25183   0.07317036626941273
26.8355   5.49629   0.07340817461291303
28.2553   5.51629   0.0705829476573492
28.9391   6.76064   0.07154557987744553
30.3589   6.78094   0.07124009334637486
31.0426   8.02547   0.07301291392623487
32.4624   8.04668   0.07443681951829678
33.1458   9.29161   0.07670626832273705
34.5654   9.31414   0.07905377916330361
35.2482   10.5596   0.08156034575699414
36.6679   10.5837   0.0840065473638802
37.3501   11.8297   0.08653860410244835
38.7697   11.8556   0.08887980648043556
39.4514   13.1021   0.09125135615430705
40.8709   13.1299   0.093255241139573
41.5522   14.3768   0.0955898530179851
28.2019   7.97568   0.06851474293901984
28.8869   9.21953   0.0695668922692396
30.3068   9.24124   0.06867861457542608
30.9915   10.4854   0.07062704864285416
32.4114   10.5081   0.07099859153532384
33.0955   11.7528   0.07347434926557708
34.5152   11.7767   0.07457653786547154
35.1986   13.0221   0.07709740592263677
36.6183   13.0474   0.07837505980859225
37.3011   14.2933   0.08080532160693248
38.7208   14.3202   0.08208008284596258
39.403   15.5666   0.08453626440765051
40.8226   15.5952   0.08562195980004063
41.5043   16.8421   0.08807706852524172
42.9237   16.8726   0.08875364781235971
43.6051   18.12   0.09078044943708968
30.2568   11.7017   0.06578548472117593
30.9424   12.9456   0.06790589076066918
32.3623   12.9698   0.0673663120558033
33.0472   14.2144   0.06977284572095568
34.467   14.2398   0.06964122342405894
35.1511   15.4849   0.07223690192692317
36.5709   15.5116   0.07225766395337975
37.2544   16.7573   0.07489332413506551
38.674   16.7854   0.07501206569612812
39.3569   18.0317   0.07772708665581018
40.7763   18.0614   0.07786969885648748
41.4585   19.3083   0.08049770183055037
42.8778   19.3395   0.08048608575399666
43.5595   20.5869   0.08264871444856327
44.9787   20.6193   0.08204712060760826
45.6602   21.8669   0.08339292535940657
47.0794   21.8998   0.08204913162245973
47.7613   23.1471   0.08220401450051032
32.3152   15.4318   0.06334050836550084
33.0008   16.6761   0.06595066337801204
34.4207   16.7031   0.06463072024974051
35.1056   17.948   0.0674969628946365
36.5254   17.9762   0.06636105785775487
37.2095   19.2218   0.06937996829056581
38.6291   19.2511   0.06866170694062262
39.3124   20.4974   0.07190403326657091
40.7318   20.5281   0.0711677595544524
41.4142   21.7751   0.07428250130414173
42.8334   21.807   0.07338678355126431
43.5152   23.0545   0.07580310020045268
44.9344   23.0871   0.07430444132082695
45.6161   24.3346   0.07574450475117016
47.0353   24.3671   0.07367672631163764
43.4713   25.5224   0.07168612139040628
44.8905   25.5549   0.06920411837455878
45.5722   26.8025   0.0707968925871744
46.9914   26.8344   0.06803690175191573
47.6737   28.0815   0.0684308410002406
49.0931   28.1123   0.0658881628215563
49.7763   29.3586   0.0657471672393567
51.1959   29.3881   0.06384152253823287
51.8798   30.6338   0.06344343937713194
39.225   25.4298   0.06916545380462714
40.6444   25.4624   0.06672188546496596
41.3263   26.7097   0.07096689368994433
42.7455   26.7425   0.06813611377235941
43.4269   27.9902   0.07112657731115507
44.8461   28.0226   0.06772207911752355
45.5276   29.27   0.06941743296895812
46.947   29.3013   0.06578419263014315
47.629   30.5483   0.06664720549280369
49.0485   30.578   0.06331958622732799
49.7311   31.8244   0.06381614215854824
51.1507   31.8526   0.061371491753093
51.834   33.0984   0.06162613082126678
53.2538   33.1253   0.05997241032341653
53.9377   34.3705   0.0599915827429144
38.4979   26.6492   0.068036681282966
39.1801   27.8961   0.07362533531332797
40.5995   27.9293   0.070489289966632
41.2808   29.1769   0.0749026701793734
42.7001   29.2098   0.07110189870882457
43.381   30.4575   0.07405572226371034
44.8004   30.4896   0.06972187605049053
45.4815   31.737   0.07152747723777124
46.9009   31.7676   0.0670222351164145
47.5825   33.0145   0.06821268210530852
49.002   33.0433   0.06409009283812914
49.6841   34.2898   0.0650299930801169
51.1037   34.3168   0.0616157447410956
51.7863   35.5628   0.062173708269655105
53.206   35.5882   0.05975575286112395
53.8891   36.8336   0.060133351810788244
55.3089   36.8577   0.05866600378413145
55.9928   38.1025   0.05899805081525881
42.6526   31.6764   0.0767589734167931
43.3331   32.924   0.07955388111211051
44.7526   32.9557   0.07441438033068555
45.4333   34.2031   0.07616685630902702
46.8528   34.233   0.07091939086032761
47.5339   35.48   0.07218594045934305
48.9534   35.5079   0.067179907710564
49.6349   36.7545   0.06833505688883165
51.0545   36.7805   0.06379443549401533
51.7364   38.0265   0.0646927352953936
53.1561   38.0508   0.061034498441455094
53.8386   39.2963   0.0619448948663239
55.2583   39.319   0.05958934468510356
55.9415   40.564   0.06058300091609964
57.3612   40.5853   0.060324207412946904
58.0448   41.8299   0.0619234204481615
44.7023   35.4207   0.08039639295391277
45.3827   36.668   0.08216702501612108
46.8022   36.6975   0.07617827774372353
47.4828   37.9444   0.07767251766229798
48.9024   37.9717   0.07161989946934878
49.5834   39.2182   0.07291844759729964
51.0029   39.2435   0.06737492115023201
51.6844   40.4895   0.06865420598914604
53.104   40.5128   0.06383110527007896
53.786   41.7584   0.06525220302794363
55.2056   41.7798   0.0620413571740659
55.888   43.025   0.06379130034730573
57.3076   43.0451   0.06298896728792959
57.9902   44.29   0.06546884755362462
59.4099   44.3092   0.06744130781649907
60.0924   45.5541   0.07068189301369987
46.7491   39.1608   0.08210353220172638
47.4294   40.4077   0.08367717729464633
48.8489   40.4345   0.07691040241735761
49.5295   41.681   0.07850197449745949
50.9491   41.7055   0.07188748152494927
51.63   42.9516   0.07362506366720381
53.0496   42.974   0.06782646975923236
53.731   44.2197   0.06972438597793254
55.1505   44.2402   0.06567823079224905
55.8322   45.4856   0.06803557892749769
57.2518   45.5047   0.06661749019589225
57.9335   46.7499   0.06934904469421312
59.3531   46.7684   0.0709801380669275
60.0347   48.0136   0.07417256905352561
61.4544   48.0321   0.07843073377190916
62.1357   49.2775   0.08163908377731605
48.793   42.8962   0.08250945400376943
49.4733   44.1426   0.08421359747689335
50.8928   44.1666   0.07696473218299331
51.5734   45.4128   0.07880114212370075
52.9929   45.4345   0.07232620548597787
53.6738   46.6802   0.07426392125386333
55.0934   46.7001   0.06957880424381979
55.7745   47.9456   0.07186306422634538
57.1941   47.9642   0.06995119727352975
57.8755   49.2095   0.07239447492730355
59.2951   49.2277   0.07364163224698349
50.8346   46.6269   0.08154790003427269
51.5149   47.873   0.08313928072818548
52.9345   47.8944   0.07617276416147596
53.6153   49.1401   0.0776480521326847
55.035   49.1597   0.0725501895242209
47.7175   25.6143   0.0738661627539975
49.1368   25.6461   0.07183543693748944
49.8201   26.8926   0.07112699909317118
43.9875   0.8818   0.12489089300665715
45.4071   0.912015   0.12774368174199432
46.0864   2.1592   0.13075606639846765
39.7283   0.793785   0.10920052601063894
41.1479   0.819537   0.11454983196844933
41.8277   2.06625   0.11767287750369633
43.2473   2.09442   0.12165736475857127
43.9269   3.34143   0.12447655562393872
45.3465   3.37177   0.12714098473741753
46.0258   4.61904   0.1296558710587372
47.4454   4.65117   0.13129156713208973
48.1245   5.89868   0.13353453673114096
35.4689   0.7164   0.09062507708134658
36.8885   0.737625   0.09695925420505282
37.569   1.98371   0.09998864735558693
38.9886   2.00716   0.10583771775695215
39.6688   3.25362   0.1085941071145228
41.0884   3.27953   0.11356761202032838
41.7683   4.5263   0.11606595711060039
43.1879   4.55465   0.11982073318086442
43.8676   5.80171   0.12226726831004098
45.2872   5.83226   0.12476995832330694
45.9668   7.07957   0.12701950873783074
47.3863   7.11197   0.12853439228471214
48.0657   8.35952   0.13052671182558886
49.4853   8.39334   0.13099307653459996
50.1646   9.64101   0.13252247507498577
52.2636   10.9234   0.13303461955446239
36.8302   3.1978   0.09598561402627058
37.5109   4.44391   0.09849865176742183
38.9305   4.46772   0.1037230201064357
39.611   5.71419   0.10617188705113931
41.0305   5.74041   0.11058386003391099
41.7107   6.98721   0.11288650096446312
43.1303   7.01581   0.11617890040794848
43.8103   8.26292   0.11846318246611602
45.2298   8.29371   0.12079003642685268
45.9096   9.54109   0.12288157917279686
47.3292   9.5737   0.12423095467716576
48.0088   10.8213   0.12589634625357343
49.4284   10.8553   0.12629338858388323
50.108   12.1029   0.12735611489049103
51.5276   12.1377   0.1269367165165385
52.2075   13.3852   0.1269590485156527
53.6271   13.4203   0.1259724969983536
54.3079   14.6673   0.12470080192204344
38.8745   6.92928   0.0998990795753386
39.5553   8.17575   0.10229876636597163
40.9748   8.20238   0.10600429661103379
41.6554   9.44922   0.10827862623805364
43.0749   9.47814   0.11110472717216047
43.7552   10.7253   0.1133293871862017
45.1747   10.7563   0.11531006027229149
45.8548   12.0038   0.11718216587860396
47.2743   12.0366   0.11821894941167477
47.9542   13.2842   0.11967827705978985
49.3737   13.3182   0.1198189050191988
50.0538   14.5659   0.12016392969605967
51.4733   14.6005   0.11969373417184313
52.154   15.8477   0.11888086473440555
53.5735   15.8825   0.11773657035942395
54.2554   17.129   0.11562088911611071
55.6751   17.1636   0.11439374982926062
56.3587   18.4091   0.11098220578092967
40.9216   10.6656   0.10018467946747298
41.6026   11.9124   0.10250312190367435
43.0221   11.9417   0.10468820372897873
43.7026   13.189   0.10684764854689181
45.1221   13.2203   0.10834066641847676
45.8025   14.4679   0.11003881133490974
47.2219   14.5007   0.1107608233988896
47.9022   15.7484   0.11166181083969617
49.3216   15.7823   0.11149941703883835
50.0023   17.0299   0.11120692424485172
51.4218   17.0642   0.11035941282917663
52.1034   18.3111   0.1089007805297994
53.523   18.3453   0.10770909896568516
54.2062   19.5913   0.10489566244606645
55.6259   19.6252   0.10375765032034784
56.311   20.87   0.0999539894151308
57.7309   20.9037   0.09884159043641538
58.418   22.1473   0.09420451156924495
42.9717   14.4066   0.09709140023709609
43.6527   15.6539   0.09916854339960658
45.072   15.6856   0.10007292341087975
45.7528   16.9332   0.10159940944710338
47.1721   16.9662   0.10172384184644144
47.8529   18.2138   0.10229002883957222
49.2722   18.2475   0.10169670594468591
49.9538   19.4948   0.10086927183240779
51.3732   19.5286   0.09968369977082459
52.056   20.7751   0.09776159777745133
53.4755   20.8086   0.09657069949006343
54.16   22.054   0.0935361962023285
55.5798   22.087   0.09248918855736701
56.2661   23.3313   0.08871803649766052
57.686   23.3639   0.08791421955520103
58.374   24.607   0.08361273826397608
59.7942   24.6392   0.08290006031360957
45.0244   18.152   0.09102587544209731
45.7055   19.3996   0.0924358155695054
47.1247   19.4326   0.09191414472212879
47.8062   20.6802   0.09203722073161479
49.2254   20.7135   0.0910158777356995
49.9078   21.9604   0.08995126458255027
51.3272   21.9935   0.08861986233345273
52.0109   23.2395   0.08656725708950382
53.4305   23.272   0.0854251134034928
54.1159   24.5169   0.08255616270151911
55.5357   24.5488   0.08185529915650169
49.1806   23.1798   0.0805956574512566
49.8636   24.4264   0.0795869964252974
51.283   24.4585   0.07809967989691109
53.2996   30.6621   0.06240817254174467
53.9843   31.9071   0.06187293430895519
55.4042   31.9343   0.06157028504075552
56.0896   33.1786   0.0608440629807067
57.5096   33.2048   0.061400325732033134
58.1958   34.4485   0.06065410126281624
59.616   34.4737   0.06207712944394155
60.3029   35.7168   0.061951674715054424
61.7231   35.7412   0.06462035283097495
62.4104   36.9839   0.06575576020395421
63.8307   37.0079   0.0698439689593873
64.5178   38.2505   0.07257830254283998
65.9382   38.2747   0.07788183356855542
66.6246   39.5176   0.08212070384500798
68.045   39.5428   0.08798573748056984
68.7302   40.7864   0.09326205015975135
55.3575   34.396   0.05936640464100847
56.0421   35.6407   0.059170685309533635
57.4621   35.6651   0.059595553525409246
58.1474   36.9091   0.05951571221114546
59.5675   36.9325   0.061373365558684716
60.2534   38.176   0.062134450991379424
61.6735   38.1987   0.06572145768316429
62.3596   39.4419   0.06778089701383366
63.7798   39.4645   0.07295882400367941
64.4654   40.7078   0.07649797382937802
65.8856   40.731   0.08270205559718675
66.5703   41.9748   0.08737327966833015
67.9904   41.9993   0.0937445465080532
68.6738   43.2438   0.09904877586320739
70.0938   43.2702   0.10492911893273374
70.7759   44.5156   0.11024781176966915
57.4126   38.1252   0.059171699316481474
58.0971   39.3695   0.05991544041397073
59.5171   39.3913   0.0620478041513167
60.2019   40.6352   0.0637513921416619
61.6219   40.6565   0.06804623428228579
62.3066   41.9003   0.07101168917861152
63.7266   41.9217   0.07693672725038318
64.4107   43.1658   0.08096752435390454
65.8307   43.1881   0.0877398997036128
66.5137   44.4328   0.09239188276033682
67.9336   44.4566   0.09925119646633791
68.6154   45.702   0.10410355421406177
70.0353   45.728   0.11004299159873558
70.7161   46.9741   0.1146918044151377
72.1358   47.0024   0.11922294242300573
72.8158   48.249   0.12334330139898048
59.4646   41.8502   0.06413181737640271
60.1482   43.0946   0.06678697477802023
61.5681   43.1146   0.07140623222100226
62.2514   44.3591   0.0749601227320246
63.6712   44.3795   0.08129784744997853
64.3538   45.6244   0.08537569911865729
65.7736   45.646   0.09232713577275264
66.4552   46.8914   0.09673830678691615
67.875   46.9149   0.10338752342521633
68.5557   48.1609   0.10765988110712399
69.9754   48.1866   0.11339704581690241
70.6555   49.4332   0.1171713702232769
72.0751   49.4613   0.12150526737553041
61.5121   45.5732   0.07521741819552195
62.1941   46.8182   0.07891552445495299
63.6138   46.838   0.08508431112725984
64.2952   48.0834   0.08892176336533111
65.7149   48.1046   0.09574998694516841
66.3957   49.3505   0.09943324393782801
67.8153   49.3738   0.10587813749778521
63.5553   49.2971   0.08751514154704984
60.4835   25.8813   0.07853069463592136
56.2226   25.7928   0.07856977790473789
57.6427   25.8241   0.07796435082780107
58.3308   27.0671   0.07465293028407734
59.7511   27.0978   0.07422795969174811
60.4403   28.3399   0.07103696220982447
61.8607   28.3698   0.07090028208688452
62.5509   29.6112   0.06842704143830959
51.9674   25.7042   0.07628217354009074
53.387   25.7354   0.07536431516307819
54.0727   26.9802   0.07310766033734335
55.4926   27.0106   0.07269731769466724
56.1794   28.2545   0.07027809046921951
57.5995   28.2843   0.07010534929661116
58.2872   29.5274   0.06780766918277074
59.7075   29.5564   0.0679968381617843
60.3962   30.7988   0.06596142812280659
61.8166   30.8269   0.06659924924501825
62.5059   32.0686   0.06558429690101081
63.9265   32.096   0.0670848716179741
64.6162   33.3372   0.06783848465288152
51.2396   26.9234   0.06959030104835051
51.924   28.169   0.06837733542629251
53.3437   28.1988   0.06750977706969641
54.0291   29.4436   0.06612072292405827
55.449   29.4724   0.06593587794213418
56.1353   30.7165   0.0644076082462313
57.5554   30.7445   0.06468902534433559
58.2424   31.9879   0.06330758248424817
59.6627   32.015   0.06401890345827556
60.3504   33.2578   0.06310483341234388
61.7708   33.284   0.06474604235009422
62.4591   34.5262   0.06491725502514664
63.8796   34.5518   0.06773145502644808
64.5681   35.7937   0.06958412175202074
65.9886   35.8192   0.07361908719890332
66.6767   37.0612   0.07737273421561634
56.7634   1.19   0.14807924094889197
58.183   1.22689   0.14643906616746852
58.8611   2.4747   0.14746341919269282
52.5049   1.08201   0.14299934825026372
53.9245   1.11719   0.1434589990206243
54.6025   2.36512   0.14595001918465106
56.0221   2.40134   0.14536149042989274
56.7003   3.6492   0.1466238483330733
58.12   3.68603   0.14479314935451779
58.7988   4.93348   0.14490216561528657
60.2186   4.9703   0.14208004786035242
60.8984   6.21716   0.14137565419831008
48.2464   0.978962   0.1352988041484467
49.666   1.01202   0.1364129759223812
50.3446   2.25962   0.13943787146969647
51.7642   2.29381   0.14006483820002774
52.4425   3.54166   0.14245163530124627
53.8621   3.57697   0.14241589939329077
54.5404   4.82484   0.14399238209016554
55.96   4.86105   0.14303975531298876
56.6388   6.10865   0.14358937147295958
58.0585   6.14527   0.14175341301005814
58.7382   7.39235   0.14131765247130335
60.158   7.4289   0.13873932247203763
60.8386   8.67535   0.13783119421959475
62.2585   8.71155   0.13482893791764644
62.9402   9.95734   0.13336532382894664
47.506   2.1911   0.13244041716938112
48.1849   3.43855   0.13518427275389816
49.6045   3.47182   0.1361187922367802
50.2832   4.71952   0.1383870355199493
51.7028   4.75397   0.1386448790976401
52.3814   6.00179   0.140363531232296
53.8009   6.03722   0.13997650124217395
54.4798   7.28491   0.1409026344679205
55.8994   7.32099   0.13972061980967584
56.5789   8.5683   0.13973640363198314
57.9987   8.60459   0.13793315192512567
58.679   9.85133   0.1371124662457801
60.0989   9.88749   0.13491323174544265
60.7803   11.1335   0.13345542326934545
62.2003   11.1694   0.13078704064241198
62.883   12.4146   0.12840763217192108
64.3032   12.4502   0.12546222539074706
64.9876   13.6944   0.12189647246741526
49.5441   5.93226   0.13420568393328092
50.2231   7.17995   0.13611800946237707
51.6427   7.21464   0.13606534606578
52.3217   8.46235   0.13730301562602346
53.7413   8.4978   0.1365355719217528
54.4207   9.74529   0.1369823452128041
55.8404   9.78112   0.13565689403786296
56.5205   11.0282   0.13511746741261763
57.9402   11.064   0.1334737052756098
58.6214   12.3104   0.13195468919291978
60.0413   12.3461   0.12993448349071834
60.7238   13.5916   0.12746921196901112
62.1439   13.6271   0.12525470051060023
62.8282   14.8715   0.12144908398172348
64.2484   14.9068   0.1189770145868477
64.9348   16.15   0.11403100455577948
66.3553   16.185   0.1109894589589458
67.0438   17.4269   0.10507778071504542
51.5842   9.67581   0.13227184167463357
53.6832   10.9587   0.13217265223940922
54.3632   12.206   0.13180690421977123
55.7829   12.2415   0.130475208373084
56.4638   13.4882   0.1290253463471414
57.8836   13.5236   0.12750521557959854
58.5658   14.7695   0.12499811998586224
59.9858   14.8047   0.12323741315039227
60.6699   16.0494   0.11945254287791725
62.0901   16.0845   0.11756997916134783
62.7762   17.328   0.11261234390598575
64.1966   17.3629   0.1105153835445502
64.8849   18.605   0.1046154864252883
66.3056   18.6397   0.10208667885674375
66.996   19.8805   0.0955955019862368
68.4169   19.9148   0.09283733085348926
69.1091   21.1545   0.08662159084200981
55.7275   14.7024   0.12354193619981996
56.4096   15.9485   0.1209900409124676
57.8294   15.9835   0.1196191038254366
58.5133   17.2286   0.11585361453143947
59.9333   17.2634   0.1143571598108314
60.6192   18.5072   0.10960223537866229
62.0394   18.5418   0.10809204411056211
62.7275   19.7843   0.10233635717573805
64.1479   19.8186   0.10068674192761884
64.838   21.0598   0.09432677244558359
66.2587   21.0938   0.09247918684763469
66.9505   22.3339   0.08628331240743829
68.3715   22.3675   0.08419744651710333
69.0647   23.6067   0.07910101137153779
70.4859   23.6401   0.07679173132571007
71.1797   24.8787   0.07417027706568492
57.7785   18.4435   0.10981243099030048
58.4641   19.6878   0.10535326288255
59.8842   19.722   0.10403412901543281
60.5717   20.965   0.0987911939395404
61.9921   20.9988   0.09751446046612779
62.6816   22.2406   0.09165315051868062
64.1021   22.274   0.09034566951437618
64.7933   23.5147   0.08451609314207591
66.2141   23.5476   0.0831569600213971
66.9066   24.7874   0.0781881065124383
68.3277   24.82   0.07683788128261224
59.8381   22.1806   0.09326639266102638
60.5269   23.423   0.0880804745672983
61.9473   23.4558   0.08705871581869579
62.6376   24.6971   0.0818424706371934
64.0582   24.7294   0.0808423775009151
70.1504   40.8133   0.09892810520777294
70.8341   42.0577   0.10469460349034358
72.2542   42.0866   0.10939730344025815
72.9364   43.3319   0.11510125976721523
74.3563   43.3627   0.11856411767478421
75.0374   44.6087   0.12379341662624804
76.4572   44.641   0.12591624200237173
77.1374   45.8876   0.13060421126441585
78.5572   45.9209   0.13184528812209956
79.2367   47.1678   0.13632776679752312
80.6565   47.202   0.13724091955390066
81.3353   48.4493   0.14156433166585347
82.755   48.4845   0.14208831760563612
83.4332   49.7322   0.14583188951666262
84.8528   49.7684   0.14553549395250523
72.1957   44.5441   0.11505950634345874
72.8766   45.7902   0.11999124968096525
74.2964   45.8207   0.1232189108862742
74.9765   47.0673   0.12765653136443797
76.3962   47.0992   0.1297894063473593
77.0757   48.3462   0.13371335011882407
78.4954   48.3793   0.13508293748656475
79.1742   49.6266   0.1387684402160646
80.5939   49.6607   0.13969072982843234
74.2355   48.2793   0.12645940059955887
74.915   49.5262   0.13010799360531
76.3346   49.5581   0.13193824312912347
69.021   26.0591   0.0740014864715594
70.4422   26.0917   0.07277595756841966
71.1359   27.3305   0.07296375812689375
72.5571   27.3633   0.07197575980842079
73.2503   28.6023   0.07548118970975518
64.7499   25.9698   0.07622709492037986
66.1707   26.0015   0.07551138986934815
66.8632   27.2412   0.07262120902325438
68.2842   27.2726   0.07217444145956746
68.9772   28.5119   0.07189916550280573
70.3983   28.5435   0.07203297855843097
71.091   29.7828   0.0749010680831716
72.5121   29.8149   0.07539502636115818
73.2039   31.0546   0.08109771883351427
74.625   31.0876   0.08147103779871634
75.3153   32.3282   0.08895914792757333
61.9039   25.9128   0.07787746785816645
62.5945   27.154   0.07383048151001194
64.0151   27.1848   0.07337499574105662
64.7065   28.4253   0.07060063739089176
66.1273   28.4555   0.07070898104200801
66.8192   29.6955   0.07011661714600984
68.2402   29.7255   0.07092947201269421
68.9321   30.9653   0.07308713977164367
70.3531   30.9958   0.07459128635437348
71.0443   32.2359   0.07933076326369029
72.4653   32.2672   0.08114647250496963
73.1553   33.5079   0.08793645432924885
74.5761   33.5404   0.08957376848162744
75.2644   34.7821   0.09728895106845453
76.685   34.8158   0.09833849703955959
77.3713   36.0587   0.106181589741347
63.9715   29.6403   0.06880094476095809
64.6622   30.8811   0.067933717696
66.083   30.9097   0.06913327708130043
66.7738   32.1502   0.070627473408018
68.1947   32.1789   0.07275417513792765
68.8851   33.4194   0.07668656988026036
70.306   33.4487   0.07952163227701117
70.9955   34.6898   0.0853053339481176
72.4162   34.7203   0.08832015624986156
73.1042   35.9623   0.09523770261823988
74.5248   35.9943   0.0978457459473833
75.2109   37.2373   0.10519054139988021
76.6313   37.2706   0.10694550013908666
77.3156   38.5147   0.1139245803152247
78.7358   38.5492   0.11459018282558127
79.4186   39.7942   0.12092228909510365
66.0368   33.3643   0.0704655234848913
66.7264   34.6054   0.07331909710300491
68.1471   34.6328   0.07683989849029965
68.8359   35.8742   0.08163173402543665
70.2565   35.9026   0.0856872219178557
70.9441   37.1447   0.09183996951218884
72.3646   37.1746   0.09572021730021368
73.0505   38.4177   0.10255149925768832
74.4709   38.4493   0.10562712719751355
75.155   39.6935   0.11230071237529952
76.5752   39.7266   0.11430896727728793
77.2578   40.9717   0.12046186118436053
78.6778   41.0058   0.12149489701217964
79.3593   42.2516   0.12711939269835992
80.7793   42.2864   0.12721941675703333
81.4599   43.5327   0.13274791900440425
68.0972   37.0874   0.08213561955692465
68.7843   38.3298   0.08739273425176579
70.2047   38.3574   0.09235680808689926
70.8903   39.6007   0.0984086378322549
72.3105   39.63   0.10294857939767754
72.9945   40.8743   0.10922728596829871
74.4146   40.9055   0.11264319775290141
75.097   42.1507   0.11851704518760034
76.517   42.1834   0.12066590239168838
77.1983   43.4293   0.12604487296197509
78.6182   43.4631   0.12720149370192319
79.2986   44.7095   0.13223221997682655
80.7185   44.744   0.13284799584487408
81.3981   45.9908   0.1379114571020107
82.8179   46.0261   0.13818266895671122
83.4968   47.2734   0.14304104306107296
