      0.00000000
      0.00000000      0.92426414
    -52.00000000     22.00000000
      76       1      29
    0.000000     -9.643722     -9.633692     -9.633684     -7.398328     -7.398317     -7.398226     -6.945825     -6.945817     -6.935897     -5.521614
               -5.521608     -5.519394     -5.482393     -5.477052     -5.477004     -5.451361     -5.451344     -5.448214     -4.101159     -4.101016
               -4.100978     -4.058817     -4.058805     -4.058782     -3.248932     -3.248888     -3.246682     -2.938993     -2.938961     -2.934886
               -2.194450     -2.194445     -2.180503     -2.122089     -2.122080     -2.109906     -0.000514     -0.000419     -0.000291     -0.000197
                2.296213      2.298178      2.311974      2.312015      2.313921      2.313963      2.833081      2.833139      2.833240      3.038330
                3.038384      3.038503      4.731122      4.731218      4.731285      4.757907      4.758691      4.758743      4.759054      4.759758
                4.759808      4.908179      4.908269      4.908340      6.427290      6.427408      6.427411      6.429641      6.429750      6.429752
                8.269971      8.276924      8.276957      8.303215      8.303248      8.310410
    0.032553     -9.767483     -9.567242     -9.560383     -7.507586     -7.507528     -7.168903     -7.024874     -6.899562     -6.892542     -5.754171
               -5.714745     -5.531634     -5.531514     -5.454955     -5.454908     -5.310794     -5.295716     -5.280840     -4.273840     -4.235503
               -4.053245     -4.053229     -3.926506     -3.926390     -3.297967     -3.296726     -3.195563     -2.990845     -2.988660     -2.824734
               -2.299642     -2.296818     -2.124922     -2.122879     -2.078381     -2.015856     -0.203154     -0.202857      0.203637      0.203787
                2.159154      2.161283      2.298206      2.298364      2.475703      2.475936      2.793499      2.847611      2.847748      2.984836
                3.083841      3.083896      4.581606      4.581783      4.604044      4.604188      4.718263      4.718292      4.830894      4.830993
                4.935193      4.970157      4.971410      5.102610      6.232819      6.235835      6.519169      6.519307      6.522349      6.522472
                8.213841      8.224503      8.233946      8.246414      8.397683      8.397828
    0.065107     -9.887459     -9.483481     -9.476232     -7.608094     -7.608047     -7.100027     -6.935558     -6.846124     -6.839026     -5.987241
               -5.951817     -5.600255     -5.600200     -5.402650     -5.402613     -5.138510     -5.094898     -5.088747     -4.444726     -4.409918
               -4.016203     -4.016199     -3.774424     -3.774272     -3.375806     -3.374961     -3.178951     -3.018398     -3.016821     -2.742585
               -2.423355     -2.422107     -2.111312     -2.110742     -1.987456     -1.935067     -0.404415     -0.404075      0.409756      0.409910
                2.034864      2.037168      2.295446      2.295578      2.638859      2.639059      2.782840      2.842394      2.842568      2.957890
                3.148777      3.148806      4.400270      4.400463      4.445795      4.445956      4.672635      4.672659      4.773764      4.773854
                5.138565      5.178976      5.180373      5.296437      6.034165      6.038030      6.603120      6.603285      6.607820      6.607970
                8.143730      8.156957      8.165662      8.179160      8.494577      8.494625
    0.097660     -9.996887     -9.389075     -9.381423     -7.699648     -7.699609     -7.168210     -6.786374     -6.778395     -6.698082     -6.218471
               -6.186548     -5.662855     -5.662815     -5.344269     -5.344235     -4.969244     -4.889192     -4.885223     -4.613073     -4.581440
               -3.975771     -3.975767     -3.617150     -3.616961     -3.475536     -3.475022     -3.198193     -3.028016     -3.026950     -2.693017
               -2.542615     -2.541987     -2.100927     -2.100794     -1.922721     -1.880501     -0.602486     -0.602034      0.617455      0.617613
                1.938009      1.940464      2.299144      2.299279      2.794166      2.794398      2.801483      2.828582      2.828785      2.958692
                3.224735      3.224755      4.215267      4.215477      4.274429      4.274597      4.622273      4.622294      4.719237      4.719322
                5.340387      5.384357      5.385896      5.488886      5.831972      5.836890      6.679497      6.679669      6.685510      6.685669
                8.064607      8.080168      8.088132      8.103124      8.583135      8.583161
    0.130213    -10.095489     -9.284263     -9.276162     -7.782064     -7.782033     -7.229333     -6.718963     -6.710729     -6.458577     -6.447014
               -6.418145     -5.719018     -5.718985     -5.279622     -5.279590     -4.798425     -4.778313     -4.749533     -4.679844     -4.676668
               -3.931138     -3.931131     -3.588257     -3.587954     -3.455916     -3.455685     -3.251805     -3.028206     -3.027511     -2.676578
               -2.655200     -2.655102     -2.094509     -2.094402     -1.891506     -1.858539     -0.795027     -0.794357      0.826297      0.826454
                1.873047      1.875599      2.308963      2.309101      2.799262      2.799467      2.848708      2.953142      2.953290      2.987445
                3.306618      3.306635      4.027232      4.027460      4.095786      4.095953      4.567376      4.567395      4.661749      4.661829
                5.539821      5.585805      5.587493      5.626851      5.633067      5.679191      6.748236      6.748407      6.755242      6.755401
                7.976635      7.994569      8.001844      8.018479      8.662865      8.662881
    0.162767    -10.183035     -9.169283     -9.160678     -7.855179     -7.855155     -7.283348     -6.672150     -6.645959     -6.644775     -6.636083
               -6.216973     -5.768666     -5.768636     -5.208752     -5.208723     -4.939944     -4.913723     -4.625750     -4.467571     -4.464742
               -3.882142     -3.882127     -3.708034     -3.707862     -3.337321     -3.291320     -3.291068     -3.025252     -3.024856     -2.760807
               -2.760616     -2.691080     -2.091603     -2.091408     -1.900464     -1.875380     -0.979314     -0.978308      1.035850      1.036001
                1.843310      1.845877      2.324502      2.324640      2.770577      2.770771      2.922885      3.043405      3.101639      3.101767
                3.391838      3.391853      3.836882      3.837136      3.912016      3.912177      4.508152      4.508168      4.599490      4.599565
                5.419473      5.427289      5.736128      5.782862      5.784710      5.866661      6.809222      6.809385      6.816923      6.817076
                7.879956      7.900371      7.907014      7.925385      8.733560      8.733573
    0.195320    -10.259321     -9.044390     -9.035220     -7.918846     -7.918827     -7.330220     -6.893228     -6.869397     -6.563752     -6.554515
               -5.974221     -5.811756     -5.811728     -5.131781     -5.131755     -5.097513     -5.073590     -4.451710     -4.253123     -4.250440
               -3.832313     -3.831226     -3.828623     -3.827640     -3.451497     -3.124098     -3.123732     -3.026009     -3.025949     -2.854752
               -2.854596     -2.735351     -2.091596     -2.091322     -1.953769     -1.935061     -1.153122     -1.151707      1.245664      1.245803
                1.850245      1.852729      2.345335      2.345467      2.737996      2.738174      3.021705      3.124980      3.245188      3.245296
                3.478917      3.478930      3.645070      3.645361      3.724260      3.724407      4.444813      4.444827      4.531767      4.531836
                5.210584      5.220359      5.928644      5.975095      5.977118      6.050677      6.862327      6.862478      6.870497      6.870638
                7.774726      7.797769      7.803830      7.824012      8.795081      8.795091
    0.227873    -10.324172     -8.909862     -8.900060     -7.972937     -7.972923     -7.369921     -7.109648     -7.087907     -6.475952     -6.466092
               -5.848260     -5.848233     -5.731249     -5.250622     -5.228762     -5.048869     -5.048848     -4.277061     -4.037642     -4.035005
               -3.955877     -3.955778     -3.770165     -3.770094     -3.590967     -3.047763     -3.047520     -2.954672     -2.954224     -2.922742
               -2.922312     -2.805785     -2.094815     -2.094561     -2.049906     -2.036191     -1.316401     -1.314637      1.455228      1.455351
                1.892968      1.895275      2.371055      2.371176      2.702395      2.702552      3.142418      3.229895      3.383352      3.383440
                3.452857      3.453217      3.532038      3.532171      3.568211      3.568233      4.377569      4.377581      4.458306      4.458367
                5.001010      5.013178      6.116776      6.162087      6.164300      6.230674      6.907419      6.907552      6.915942      6.916066
                7.661117      7.686971      7.692499      7.714550      8.847315      8.847324
    0.260427    -10.377438     -8.765998     -8.755491     -8.017342     -8.017333     -7.402431     -7.320851     -7.300967     -6.381456     -6.370895
               -5.878155     -5.878128     -5.489071     -5.398913     -5.378906     -4.960211     -4.960194     -4.102738     -4.080017     -4.079953
               -3.824993     -3.822505     -3.752231     -3.703651     -3.703355     -3.108445     -3.108092     -2.948158     -2.947520     -2.898994
               -2.783468     -2.783023     -2.189274     -2.179840     -2.094127     -2.093702     -1.472313     -1.470390      1.663883      1.663985
                1.968386      1.970446      2.401380      2.401484      2.664093      2.664222      3.259432      3.261331      3.284258      3.339407
                3.339517      3.356209      3.515900      3.515969      3.655820      3.655828      4.306615      4.306625      4.379047      4.379099
                4.791679      4.806763      6.299992      6.343407      6.345828      6.406136      6.944335      6.944448      6.953284      6.953388
                7.539320      7.568233      7.573269      7.597203      8.890172      8.890180
    0.292980    -10.418996     -8.613119     -8.601827     -8.051973     -8.051967     -7.526309     -7.508092     -7.427725     -6.280365     -6.269020
               -5.901426     -5.901395     -5.542066     -5.523725     -5.248814     -4.866028     -4.866017     -4.202626     -4.202580     -3.931983
               -3.929845     -3.664322     -3.663954     -3.580817     -3.578236     -3.188702     -3.188436     -3.011509     -2.950647     -2.950110
               -2.612178     -2.611605     -2.353910     -2.346581     -2.097964     -2.097937     -1.625809     -1.623940      1.870590      1.870667
                2.071738      2.073513      2.436376      2.436457      2.622879      2.622977      3.072333      3.072883      3.144732      3.144819
                3.438571      3.499726      3.642458      3.642508      3.744161      3.744165      4.232089      4.232098      4.294121      4.294162
                4.583639      4.602268      6.477811      6.518559      6.521205      6.576592      6.972831      6.972925      6.982654      6.982735
                7.409543      7.441915      7.446493      7.472197      8.923580      8.923587
    0.325533    -10.448749     -8.451575     -8.439412     -8.076762     -8.076755     -7.725516     -7.708785     -7.445807     -6.172810     -6.160592
               -5.918062     -5.918018     -5.679779     -5.662942     -5.011746     -4.766580     -4.766574     -4.322796     -4.322758     -4.127146
               -3.759683     -3.584950     -3.584899     -3.373496     -3.370205     -3.272066     -3.271876     -3.140055     -2.948151     -2.947686
               -2.540179     -2.534501     -2.440344     -2.439629     -2.101015     -2.100970     -1.781021     -1.779333      2.073187      2.073235
                2.196864      2.198347      2.477139      2.477193      2.577292      2.577356      2.888987      2.889642      2.951294      2.951363
                3.608050      3.658712      3.762489      3.762521      3.832200      3.832203      4.153967      4.153975      4.204018      4.204048
                4.378106      4.401035      6.649796      6.686765      6.689643      6.741606      6.992352      6.992446      7.004496      7.004563
                7.272020      7.308711      7.312848      7.339778      8.947482      8.947489
    0.358087    -10.466628     -8.281787     -8.268669     -8.091671     -8.091632     -7.917929     -7.902549     -7.456658     -6.059008     -6.045845
               -5.928078     -5.927964     -5.811690     -5.796236     -4.779304     -4.662172     -4.662164     -4.439801     -4.439761     -4.334977
               -3.593787     -3.510490     -3.510381     -3.354145     -3.354018     -3.281606     -3.159503     -3.155632     -2.945624     -2.945207
               -2.738330     -2.733886     -2.271377     -2.270550     -2.103072     -2.103001     -1.939930     -1.938438      2.265323      2.265343
                2.333444      2.334644      2.516282      2.516413      2.533398      2.533469      2.718423      2.719226      2.766748      2.766849
                3.788367      3.830099      3.874421      3.874440      3.919994      3.920002      4.071806      4.071815      4.110447      4.110465
                4.176636      4.204781      6.815547      6.845686      6.848722      6.900769      7.000618      7.000858      7.020826      7.021000
                7.127011      7.171058      7.174670      7.200216      8.961838      8.961846
    0.390640    -10.472592     -8.110806     -8.103664     -8.103657     -8.089444     -8.089439     -8.082391     -7.460275     -5.945553     -5.938446
               -5.938441     -5.924166     -5.924159     -5.916946     -4.556691     -4.555192     -4.555190     -4.550998     -4.550992     -4.549451
               -3.440281     -3.434108     -3.434102     -3.433125     -3.433124     -3.427321     -2.965921     -2.957427     -2.937646     -2.937642
               -2.933895     -2.933891     -2.111822     -2.111819     -2.110700     -2.110696     -2.088896     -2.086683      2.415068      2.415995
                2.429821      2.429823      2.430876      2.430877      2.609837      2.609839      2.610788      2.610790      2.627206      2.628297
                3.959854      3.959967      3.959968      3.993923      3.993971      3.993972      3.998066      3.998067      3.998168      4.032711
                4.032712      4.032731      6.972903      6.972920      6.975550      6.975553      6.975668      6.975670      7.052954      7.052956
                7.052959      7.052963      7.055326      7.055582      8.966627      8.966634
    0.424470    -10.466151     -8.312317     -8.201156     -8.200399     -7.983158     -7.982058     -7.873135     -7.456369     -6.077836     -6.002432
               -6.001226     -5.854710     -5.853174     -5.777932     -4.755697     -4.754761     -4.551201     -4.545970     -4.355808     -4.354718
               -3.578853     -3.574262     -3.432727     -3.427707     -3.297401     -3.293679     -3.200483     -3.080184     -3.063753     -2.828993
               -2.811116     -2.694595     -2.304869     -2.209223     -2.196988     -2.014034     -1.994128     -1.907586      2.259521      2.269858
                2.280235      2.419729      2.421522      2.475060      2.575269      2.630003      2.635519      2.754583      2.768245      2.781654
                3.804154      3.804234      3.848301      3.848330      3.951406      3.987516      3.993846      4.034957      4.154384      4.154447
                4.185808      4.185828      6.810594      6.810726      6.909599      6.909628      6.935321      6.935364      7.088535      7.088541
                7.110295      7.110325      7.207219      7.207314      8.961455      8.961463
    0.458301    -10.446843     -8.518983     -8.295224     -8.294913     -7.858999     -7.858339     -7.644306     -7.444649     -6.215953     -6.065926
               -6.065374     -5.769618     -5.768717     -5.620578     -4.960630     -4.959764     -4.537747     -4.532448     -4.164079     -4.162912
               -3.725791     -3.719909     -3.460315     -3.423441     -3.418169     -3.205746     -3.190927     -3.165545     -3.161905     -2.712335
               -2.693987     -2.509603     -2.454321     -2.307179     -2.297443     -1.917377     -1.892108     -1.720639      2.054883      2.083425
                2.111638      2.325466      2.370507      2.375417      2.704802      2.712972      2.722654      2.886963      2.989603      3.000375
                3.632380      3.632471      3.694403      3.694436      3.929259      3.962068      3.990138      4.035430      4.328997      4.329053
                4.361258      4.361277      6.622908      6.623111      6.808645      6.808657      6.825910      6.825937      7.173900      7.173902
                7.185565      7.185584      7.373385      7.373454      8.945951      8.945958
    0.492131    -10.414716     -8.717642     -8.378916     -8.378748     -7.725848     -7.725326     -7.425123     -7.408751     -6.347746     -6.122296
               -6.121957     -5.678179     -5.677471     -5.456800     -5.167131     -5.166331     -4.515378     -4.509964     -3.980384     -3.979144
               -3.876851     -3.867433     -3.721916     -3.417978     -3.410955     -3.318469     -3.306625     -3.041761     -3.038045     -2.718294
               -2.606670     -2.587337     -2.407704     -2.397525     -2.222046     -1.820677     -1.787683     -1.544777      1.852837      1.890947
                1.951637      2.179001      2.326684      2.329723      2.796224      2.803452      2.859357      3.013449      3.222294      3.230815
                3.463370      3.463477      3.551186      3.551223      3.897004      3.926745      3.979482      4.029314      4.504978      4.505028
                4.539092      4.539110      6.425364      6.425645      6.697071      6.697074      6.712342      6.712361      7.246344      7.246347
                7.254405      7.254425      7.536226      7.536275      8.920140      8.920148
    0.525962    -10.369851     -8.907628     -8.451942     -8.451842     -7.583918     -7.583460     -7.397797     -7.167194     -6.472732     -6.171360
               -6.171121     -5.580348     -5.579713     -5.374046     -5.373307     -5.287167     -4.484178     -4.478603     -4.043655     -4.015692
               -3.971368     -3.807144     -3.805846     -3.482755     -3.470751     -3.350283     -3.344536     -2.927898     -2.927518     -2.923464
               -2.516455     -2.505134     -2.498497     -2.496317     -2.005906     -1.723292     -1.679575     -1.384154      1.662030      1.712881
                1.792102      2.030939      2.296418      2.298758      2.891461      2.899309      2.990175      3.133213      3.298981      3.299112
                3.419649      3.419849      3.460364      3.466951      3.856003      3.882976      3.960808      4.015490      4.681706      4.681751
                4.717248      4.717265      6.220814      6.221191      6.577032      6.577036      6.592426      6.592440      7.308616      7.308624
                7.314802      7.314824      7.692512      7.692546      8.884070      8.884079
    0.559792    -10.312360     -9.088469     -8.514086     -8.514022     -7.433589     -7.433178     -7.362672     -6.920187     -6.590707     -6.213020
               -6.212838     -5.580339     -5.579655     -5.476293     -5.475676     -5.112014     -4.444285     -4.438502     -4.279038     -4.163679
               -4.153886     -3.647365     -3.646024     -3.595107     -3.583417     -3.322672     -3.317612     -3.136542     -2.825924     -2.821583
               -2.601377     -2.593673     -2.445267     -2.428661     -1.807291     -1.625379     -1.567155     -1.244027      1.488007      1.555990
                1.635976      1.884349      2.282962      2.284815      2.988760      2.997459      3.113093      3.141128      3.141297      3.245486
                3.304681      3.304731      3.698607      3.703958      3.806916      3.831376      3.933934      3.993839      4.858386      4.858427
                4.894475      4.894490      6.010304      6.010799      6.449261      6.449270      6.465810      6.465821      7.361307      7.361321
                7.366220      7.366248      7.841214      7.841237      8.837805      8.837814
    0.593622    -10.242385     -9.259740     -8.565170     -8.565129     -7.319893     -7.275290     -7.274798     -6.701530     -6.668266     -6.247207
               -6.247058     -5.785064     -5.784429     -5.366241     -5.365606     -4.931653     -4.544693     -4.395916     -4.389878     -4.310507
               -4.306076     -3.708348     -3.697504     -3.504749     -3.503409     -3.345681     -3.281511     -3.276466     -2.737832     -2.732916
               -2.695147     -2.688104     -2.394894     -2.380269     -1.631856     -1.528965     -1.451491     -1.130826      1.336748      1.427372
                1.487247      1.742164      2.288199      2.289668      2.990494      2.990736      3.087221      3.096890      3.206003      3.206053
                3.227127      3.349346      3.750227      3.772399      3.899158      3.938330      3.942587      3.964725      5.034136      5.034173
                5.069860      5.069874      5.794478      5.795120      6.314257      6.314270      6.332581      6.332590      7.404546      7.404568
                7.408415      7.408450      7.981799      7.981816      8.781429      8.781440
    0.627453    -10.160101     -9.421043     -8.605051     -8.605023     -7.269246     -7.109488     -7.109033     -6.805082     -6.411966     -6.273876
               -6.273748     -5.987344     -5.986752     -5.250460     -5.249776     -4.814315     -4.746407     -4.455423     -4.452743     -4.339423
               -4.333085     -3.816687     -3.806656     -3.553706     -3.384021     -3.382716     -3.231922     -3.226794     -2.785453     -2.778933
               -2.665588     -2.659858     -2.364384     -2.351894     -1.486177     -1.438720     -1.335935     -1.051528      1.215262      1.334466
                1.351297      1.608206      2.313129      2.314287      2.850543      2.850805      3.126459      3.126511      3.183747      3.194569
                3.330881      3.443378      3.686400      3.706487      3.857427      3.929166      4.177881      4.181270      5.208087      5.208121
                5.242659      5.242672      5.573864      5.574691      6.172476      6.172492      6.192982      6.192991      7.438335      7.438367
                7.441242      7.441288      8.113897      8.113910      8.715048      8.715061
    0.661283    -10.065710     -9.572000     -8.633617     -8.633598     -7.210923     -6.936685     -6.936226     -6.901264     -6.293095     -6.292978
               -6.186268     -6.185716     -6.151831     -5.129254     -5.128487     -5.084530     -4.597693     -4.595844     -4.556621     -4.275700
               -4.269032     -3.917985     -3.908658     -3.759965     -3.290845     -3.289613     -3.175475     -3.170215     -2.871097     -2.864981
               -2.611192     -2.604477     -2.349966     -2.339490     -1.377453     -1.361977     -1.226165     -1.011975      1.131104      1.235172
                1.283566      1.487567      2.357940      2.358846      2.722022      2.722355      3.068065      3.068116      3.278217      3.290285
                3.421528      3.524684      3.615952      3.634189      3.811236      3.889693      4.416485      4.419181      5.348956      5.350012
                5.379425      5.379455      5.412227      5.412239      6.024383      6.024402      6.047334      6.047342      7.462634      7.462687
                7.464608      7.464674      8.237193      8.237208      8.638801      8.638818
    0.695114     -9.959452     -9.712247     -8.650789     -8.650774     -7.144946     -6.989977     -6.757420     -6.756945     -6.382060     -6.381537
               -6.303866     -6.303760     -5.888422     -5.354131     -5.002966     -5.002071     -4.736728     -4.735349     -4.362666     -4.207882
               -4.200917     -4.008523     -3.999719     -3.963883     -3.231395     -3.230244     -3.114688     -3.109241     -2.949481     -2.943702
               -2.576885     -2.569230     -2.345653     -2.336733     -1.312362     -1.307505     -1.129883     -1.014461      1.090721      1.147422
                1.277492      1.386859      2.421882      2.422585      2.607298      2.607729      3.032347      3.032398      3.369422      3.382877
                3.491178      3.539851      3.554584      3.587662      3.767852      3.853160      4.653474      4.655616      5.120252      5.121594
                5.547384      5.547411      5.577986      5.577996      5.870473      5.870494      5.896006      5.896014      7.477384      7.477490
                7.478457      7.478575      8.351338      8.351364      8.552918      8.552948
    0.728944     -9.844501     -9.838536     -8.656518     -8.656505     -7.074174     -7.068331     -6.572411     -6.572145     -6.571930     -6.571635
               -6.307904     -6.307800     -5.622321     -5.622315     -4.871994     -4.871967     -4.870937     -4.870850     -4.164954     -4.164942
               -4.162426     -4.155432     -4.061574     -4.052871     -3.210877     -3.209761     -3.071391     -3.065722     -2.998659     -2.993152
               -2.565053     -2.556982     -2.345173     -2.336870     -1.291491     -1.286953     -1.057796     -1.054595      1.096892      1.097032
                1.314027      1.314108      2.491295      2.491821      2.520869      2.521440      3.020323      3.020374      3.455333      3.457238
                3.470825      3.472021      3.522409      3.612395      3.747158      3.836230      4.888246      4.888252      4.889947      4.889948
                5.711265      5.711283      5.711292      5.711325      5.739110      5.739127      5.739704      5.739705      7.482406      7.482701
                7.482802      7.483110      8.447795      8.448092      8.465621      8.465924
    0.761497     -9.838795     -9.832808     -8.841738     -8.463504     -7.070608     -7.064746     -6.728814     -6.728604     -6.429891     -6.408655
               -6.408274     -6.179645     -5.618801     -5.618794     -4.983874     -4.983820     -4.753297     -4.753234     -4.372035     -4.285442
               -4.162521     -4.162514     -3.956844     -3.836149     -3.235748     -3.210769     -3.209496     -3.168349     -2.905695     -2.828198
               -2.586764     -2.579830     -2.328998     -2.321809     -1.387177     -1.384298     -0.955031     -0.953528      0.982216      0.982300
                1.425757      1.425780      2.455394      2.455520      2.562290      2.562464      3.019381      3.019445      3.251688      3.253142
                3.394376      3.622533      3.677854      3.679237      3.751426      3.970297      4.881852      4.881855      4.889948      4.889951
                5.567435      5.567480      5.603025      5.603059      5.848494      5.848539      5.870170      5.870201      7.322076      7.322633
                7.636056      7.636344      8.442441      8.444103      8.460399      8.461933
    0.794051     -9.821693     -9.815640     -9.018755     -8.263163     -7.059917     -7.054002     -6.878248     -6.878089     -6.545595     -6.238632
               -6.238101     -6.045452     -5.608239     -5.608231     -5.090388     -5.090332     -4.629535     -4.629465     -4.593248     -4.518777
               -4.155237     -4.155231     -3.769250     -3.624651     -3.406005     -3.344264     -3.210513     -3.209335     -2.747997     -2.666848
               -2.640283     -2.634952     -2.293597     -2.287990     -1.543698     -1.541513     -0.781506     -0.780822      0.798103      0.798165
                1.600915      1.600923      2.413439      2.413494      2.619385      2.619487      3.016813      3.016903      3.044994      3.046479
                3.244191      3.473748      3.893968      3.895479      3.935851      4.147681      4.868646      4.868649      4.883811      4.883814
                5.417236      5.417302      5.461618      5.461682      5.978868      5.978935      5.994945      5.995004      7.154951      7.155711
                7.782274      7.782478      8.427612      8.430925      8.445850      8.448863
    0.826604     -9.793232     -9.787068     -9.187156     -8.055960     -7.042332     -7.036453     -7.019824     -7.019817     -6.654816     -6.062528
               -6.061761     -5.905465     -5.590615     -5.590606     -5.190898     -5.190834     -4.820287     -4.755657     -4.500393     -4.500313
               -4.143052     -4.143047     -3.600279     -3.578486     -3.522337     -3.425418     -3.211154     -3.209898     -2.710366     -2.706212
               -2.596258     -2.513186     -2.254549     -2.249858     -1.703749     -1.701602     -0.594037     -0.593653      0.603109      0.603166
                1.781067      1.781092      2.377061      2.377107      2.679740      2.679818      2.844677      2.846234      3.013553      3.013670
                3.109047      3.337292      4.110663      4.112527      4.129076      4.332585      4.849543      4.849547      4.869965      4.869971
                5.260957      5.261048      5.316199      5.316290      6.102187      6.102276      6.113443      6.113529      6.981528      6.982552
                7.920904      7.921050      8.403442      8.408487      8.422139      8.426615
    0.859157     -9.753484     -9.747155     -9.346554     -7.842393     -7.154445     -7.154347     -7.017035     -7.010913     -6.757415     -5.880932
               -5.879761     -5.759866     -5.565834     -5.565824     -5.285334     -5.285234     -5.051179     -4.994650     -4.366230     -4.366136
               -4.125809     -4.125802     -3.752650     -3.701375     -3.453932     -3.241984     -3.214497     -3.213152     -2.788385     -2.784889
               -2.451582     -2.369238     -2.218670     -2.214169     -1.859159     -1.856581     -0.400136     -0.399875      0.403852      0.403914
                1.959800      1.959847      2.347114      2.347181      2.653011      2.654676      2.740071      2.740140      2.993393      3.011849
                3.011984      3.217256      4.324118      4.329410      4.330655      4.522038      4.824760      4.824764      4.846287      4.846298
                5.098907      5.099022      5.169023      5.169135      6.218243      6.218351      6.225435      6.225542      6.802183      6.803545
                8.051610      8.051726      8.369969      8.376901      8.389367      8.395231
    0.891711     -9.702562     -9.695991     -9.496558     -7.622983     -7.280528     -7.280450     -6.984987     -6.978768     -6.853237     -5.695158
               -5.693232     -5.608800     -5.533282     -5.533246     -5.373932     -5.373541     -5.283921     -5.234376     -4.228113     -4.228000
               -4.102668     -4.102656     -3.927060     -3.880499     -3.335280     -3.224561     -3.223080     -3.078001     -2.867642     -2.864542
               -2.315438     -2.236935     -2.190267     -2.184727     -2.006338     -2.002230     -0.201932     -0.201719      0.202285      0.202361
                2.135405      2.135510      2.323904      2.324026      2.472774      2.474572      2.794590      2.794656      2.900502      3.016887
                3.017021      3.116696      4.527602      4.544552      4.545326      4.714367      4.794457      4.794460      4.806440      4.806471
                4.931428      4.931564      5.026615      5.026732      6.326796      6.326910      6.330781      6.330894      6.617320      6.619112
                8.173757      8.173921      8.327270      8.336586      8.347879      8.354812
    0.924264     -9.643722     -9.633692     -9.633684     -7.398328     -7.398317     -7.398226     -6.945825     -6.945817     -6.935897     -5.521614
               -5.521608     -5.519394     -5.482393     -5.477052     -5.477004     -5.451361     -5.451344     -5.448214     -4.101159     -4.101016
               -4.100978     -4.058817     -4.058805     -4.058782     -3.248932     -3.248888     -3.246682     -2.938993     -2.938961     -2.934886
               -2.194450     -2.194445     -2.180503     -2.122089     -2.122080     -2.109906     -0.000514     -0.000419     -0.000291     -0.000197
                2.296213      2.298178      2.311974      2.312015      2.313921      2.313963      2.833081      2.833139      2.833240      3.038330
                3.038384      3.038503      4.731122      4.731218      4.731285      4.757907      4.758691      4.758743      4.759054      4.759758
                4.759808      4.908179      4.908269      4.908340      6.427290      6.427408      6.427411      6.429641      6.429750      6.429752
                8.269971      8.276924      8.276957      8.303215      8.303248      8.310410
