1.44877   0.0522695   0.14624903054721433
2.86842   0.0889951   0.1474704079849239
3.54637   1.33686   0.14388796266540183
4.96606   1.37277   0.14381692702877497
5.6446   2.62025   0.13921328672220956
7.06435   2.65517   0.13847552852399625
7.74365   3.9022   0.13344629818769718
9.16344   3.93626   0.13216777103363772
9.84345   5.18289   0.12694642885879112
11.2633   5.2161   0.124967765443733
11.9441   6.46228   0.11922357149490179
13.364   6.49433   0.11591448744656536
14.0458   7.73988   0.10955498573775689
15.4659   7.77027   0.1048687827716131
16.1492   9.01496   0.09809252010219784
2.80454   2.54787   0.1445303168888802
3.48311   3.79535   0.13966004582556854
4.90289   3.83137   0.1397292328040192
5.58232   5.07833   0.13441175134637628
7.00217   5.11352   0.1338628917960462
7.68241   6.36   0.1283954146377511
9.10232   6.39447   0.12718536275845566
9.78335   7.64049   0.12141578686480527
11.2033   7.67414   0.11928996772570583
11.8854   8.91957   0.11294774234131369
13.3055   8.95202   0.10944031067207348
13.989   10.1966   0.10252824001220252
15.4092   10.2274   0.0978092531409981
16.0944   11.4709   0.09067419699120521
17.5148   11.4999   0.08507625990839061
18.2016   12.7425   0.07857722316294838
4.84094   6.28957   0.1342862051738745
5.52133   7.536   0.12861067529563797
6.94129   7.57145   0.1284306069439826
7.62253   8.81736   0.1226779841699403
9.04257   8.85218   0.12160440164730904
9.72485   10.0975   0.11529965351205552
11.145   10.1315   0.11304839671574264
11.8287   11.376   0.1061298261564573
13.249   11.4088   0.10266464824855644
13.9344   12.6522   0.09519879200914304
15.3548   12.6834   0.09065809395746219
16.0421   13.9258   0.0834405776585959
17.4627   13.9554   0.07845476403635337
18.1514   15.1969   0.07215781315976758
19.5722   15.2252   0.06739272957819593
20.2619   16.4662   0.06290000000000014
6.88188   10.029   0.12265556041207401
7.56426   11.2743   0.11637519323292216
8.98445   11.3093   0.11546784011143517
9.66827   12.5537   0.10848585576009291
11.0886   12.588   0.10643359432058933
11.7742   13.8313   0.09874781010230047
13.1947   13.8644   0.09551753765670401
13.8823   15.1066   0.08773157926311431
15.303   15.1383   0.08388855702656811
15.9923   16.3795   0.07673623655092804
17.4131   16.4099   0.07269119616569768
18.1036   17.6504   0.06729375899739812
19.5245   17.6799   0.06366608202174782
20.2157   18.9201   0.060790213028085675
21.6366   18.9491   0.058142841347840944
22.3279   20.1895   0.058174650836939006
8.92827   13.7656   0.10860303863152283
9.61397   15.009   0.1008468264250295
11.0345   15.0434   0.09916617366824276
11.7223   16.2855   0.0909970329186613
13.143   16.3189   0.08843132929001982
13.8327   17.5599   0.08073245939521435
15.2536   17.5922   0.07772605740676457
15.9448   18.8323   0.07148020705062269
17.3658   18.8636   0.06861734474606376
18.0579   20.1033   0.0649653753933597
19.4789   20.1339   0.0625151181715269
20.1713   21.3735   0.06202459189708504
21.5922   21.4041   0.06072347157401055
22.2843   22.6441   0.06323717261231937
23.7051   22.6749   0.06280326424637576
24.3963   23.9156   0.06728699725801503
10.9831   17.4977   0.09160245629894312
11.6729   18.7386   0.08339676252709056
13.0939   18.7722   0.0818653772971211
13.7855   20.0121   0.07498593201394585
15.2066   20.045   0.07316652239925103
15.8993   21.2843   0.06867677919064104
17.3205   21.3165   0.06709836063571219
18.0137   22.5555   0.06598643800054672
19.4348   22.5874   0.0649338894568927
20.1279   23.8267   0.06728930078400258
21.5488   23.8586   0.06687824758469678
13.0472   21.2247   0.07651274403653148
13.7402   22.4637   0.07150853095959894
15.1615   22.497   0.07101591370953322
15.8552   23.7357   0.06939985590763234
17.2764   23.7687   0.06903079023160515
9.96659   0.265848   0.13483767469071736
11.3862   0.298516   0.1333772877254592
12.0655   1.54566   0.1290492251042205
5.70759   0.161502   0.14220907110307646
7.12724   0.196297   0.1415069712063676
7.80583   1.44379   0.13736798935705546
9.22551   1.47757   0.1361507124476395
9.90472   2.72469   0.13160906579715448
11.3244   2.75753   0.12979430804160802
12.0043   4.00428   0.12473728752862873
13.424   4.03595   0.12180991585252772
14.1046   5.28224   0.11607201600730485
22.2411   25.0985   0.07155550293303757
23.6619   25.1307   0.07174587096133135
24.353   26.3715   0.0777447747440306
25.7735   26.4042   0.0783058746199797
26.4632   27.646   0.08458339080457812
17.9702   25.0075   0.07097788387941682
19.3913   25.0404   0.07088081545806418
20.0844   26.2796   0.07555051290362004
21.5054   26.3127   0.07603749075291784
22.1973   27.5528   0.08225193006853945
23.618   27.5862   0.08284666559373341
24.3083   28.8274   0.08949268126500567
25.7287   28.8612   0.09038556300648748
26.4171   30.1036   0.09676161428996688
27.8373   30.1377   0.0979149120410153
28.5237   31.3814   0.10363319931373442
15.1174   24.9485   0.07216966121577584
15.8115   26.187   0.07358681947196717
17.2328   26.2205   0.07443184802220208
17.9263   27.4593   0.07880387046332174
19.3474   27.493   0.07972013547404544
20.0399   28.7326   0.08594515693161413
21.4608   28.7665   0.08694245223134626
22.1516   30.0072   0.0937610260182757
23.5722   30.0415   0.09481360661845913
24.261   31.2834   0.10136360293517438
25.6814   31.3179   0.10258674378300595
26.368   32.5612   0.10836466213669281
27.7882   32.5959   0.10977517934396763
28.4727   33.8405   0.11471652017037318
29.8926   33.8753   0.11633000472793029
30.5753   35.1211   0.12024229705057955
17.1885   28.6721   0.08238980519457574
17.8811   29.9115   0.08822953020389472
19.3021   29.9456   0.0900164984877761
19.9932   31.1859   0.09660652151899671
21.414   31.2204   0.09830289924513917
22.1031   32.462   0.10480701312412417
23.5236   32.4968   0.1063596257985132
24.2105   33.7397   0.1121124881536397
25.6308   33.7747   0.11378822434681031
26.3155   35.0189   0.1184752294785715
27.7356   35.0541   0.12021039888462251
28.4185   36.2995   0.12393825075415761
29.8384   36.3348   0.1258384281529292
30.5197   37.5812   0.12841514708164395
31.9394   37.6167   0.1304322429462884
32.6196   38.8637   0.1318984836910547
34.7187   40.1467   0.13412665656013317
19.2547   32.3984   0.10045421842809757
19.9439   33.6398   0.10658189339657914
21.3645   33.6746   0.10899233918032918
22.0515   34.9173   0.11446178401545179
23.4719   34.9524   0.11661912364616805
24.1568   36.1963   0.12101892413998688
25.577   36.2317   0.12313512902498762
26.2601   37.4768   0.1265226066756454
27.6801   37.5124   0.12855897479367132
28.3617   38.7584   0.13092971396898428
29.7815   38.7942   0.13303236448323502
30.462   40.041   0.13457551783292415
31.8817   40.0769   0.1365570210571399
32.5612   41.3242   0.13710641852225655
33.9809   41.36   0.13888606841580692
34.6599   42.6077   0.13838153778593543
36.0794   42.6428   0.13942159086741215
36.7582   43.8906   0.1380720464105611
21.312   36.1295   0.11791217070345268
21.9971   37.3732   0.12202843930822097
23.4173   37.4086   0.12475780536703907
24.1006   38.6534   0.12768668685497392
25.5206   38.6891   0.13019085989423365
26.2025   39.9348   0.13235441058007924
27.6224   39.9708   0.13471670275062267
28.3032   41.2173   0.1362439356448575
29.723   41.2536   0.1386259355243451
30.4027   42.5006   0.13936333807712856
31.8224   42.5369   0.14128117355118378
32.5014   43.7845   0.141215332028784
33.921   43.8204   0.14245774812202944
34.5995   45.0682   0.14122436050483378
36.019   45.1033   0.14178575386829093
36.6974   46.3511   0.1395419291825928
38.117   46.3851   0.13934740758263026
38.7956   47.6327   0.13637569431537216
23.3604   39.8654   0.1305954057384861
24.0424   41.1109   0.13234991499808357
25.4624   41.1468   0.1353543867039402
26.1433   42.3929   0.13673170810020546
27.5632   42.4293   0.1395963108395057
28.2432   43.6761   0.14055895560226705
29.663   43.7127   0.14307826529560763
30.342   44.9601   0.14330303555751964
31.7617   44.9967   0.1450458548183983
32.44   46.2445   0.14418342484488353
33.8596   46.2804   0.14483846174272816
34.5377   47.5284   0.14278967049475363
35.9573   47.5632   0.1425171217784017
36.6355   48.811   0.13938629774838093
38.0551   48.8448   0.13862496167718316
25.4026   43.6045   0.13920132901664303
26.0827   44.8511   0.14007505131178716
27.5025   44.8877   0.14351017385537576
28.1817   46.1349   0.14398840231074128
29.6014   46.1718   0.14662898758431056
30.2797   47.4195   0.14602239554260119
31.6993   47.4562   0.14747589633563776
32.3772   48.7042   0.145337847789212
33.7968   48.74   0.14552958462113477
27.4402   47.3461   0.14609021185555282
28.1186   48.5937   0.14550027491382864
29.5382   48.6307   0.14822621225680627
17.5693   9.04336   0.09219277845905277
18.2542   10.2871   0.08557838512147824
19.6745   10.3136   0.07903783903928444
20.3608   11.5565   0.0732328478211797
21.7813   11.5817   0.06667090819840356
22.4686   12.8241   0.062225878860808256
23.889   12.8486   0.05640186167140135
24.5767   14.091   0.053783547670267516
25.9971   14.1156   0.04942367853569751
26.6847   15.3581   0.048588167283814446
28.105   15.3834   0.04588649038660573
28.7921   16.6265   0.04647945782816503
30.2122   16.6526   0.04520619426582961
30.8985   17.8964   0.046618665789572966
32.3186   17.9234   0.04661812952060819
33.0041   19.1678   0.04823214695615277
19.6221   12.7698   0.07266931952344127
20.3102   14.0117   0.06732391848370016
21.7308   14.038   0.06192010981902412
22.4196   15.2796   0.05843218291318517
23.8402   15.3056   0.05400231476520264
24.5291   16.5473   0.05268671559320998
25.9496   16.5737   0.0497308757212253
26.6382   17.8158   0.05041150662299274
28.0586   17.8429   0.048836052256503865
28.7465   19.0857   0.05077144866950222
30.1667   19.1137   0.05025713879639423
30.8539   20.3571   0.0528382437255433
32.2739   20.3859   0.05308116426755956
32.9601   21.6301   0.05582060551445056
34.38   21.6598   0.057055324028525256
35.0652   22.9048   0.05988121575252164
21.6826   16.4938   0.05879744892425183
22.3728   17.7347   0.05670282179927331
23.7935   17.7623   0.05390231905957418
24.4835   19.0035   0.054309207322514805
25.904   19.0316   0.05265937713266269
26.5935   20.2734   0.05502372215690102
28.0139   20.3024   0.05455877564608486
28.7026   21.5448   0.05784824975744775
30.1228   21.5746   0.0580384355405979
30.8104   22.8179   0.061766495772386035
32.2305   22.8483   0.0624887989963002
32.917   24.0925   0.06618111513113294
34.3368   24.1236   0.06759985207084383
23.7486   20.2187   0.05666656862736534
24.4395   21.4596   0.059197381698854135
25.86   21.4895   0.05869446311195031
26.5501   22.731   0.06269202501116047
27.9705   22.7616   0.06291653200868769
28.6595   24.004   0.06751310983801609
30.0796   24.0353   0.06806687887658817
25.8169   23.947   0.06748259034743631
22.7453   0.536145   0.09335281945393988
18.4854   0.455897   0.11140185628614944
19.9051   0.480855   0.10550871191043822
20.5855   1.72698   0.10026953724835867
22.0052   1.74962   0.09333586073958897
22.6864   2.99523   0.08776360521309483
24.1062   3.01601   0.08062631146220225
24.7881   4.26114   0.07507086252335178
14.2259   0.364896   0.12556146958362555
15.6455   0.394497   0.12208181273637786
16.3253   1.64123   0.11715088091858279
17.745   1.66867   0.1121585846023387
18.4254   2.91492   0.10658981001953192
19.8452   2.94002   0.1001368568510108
20.5265   4.18566   0.09422856732435222
21.9464   4.20859   0.08681843122286934
22.6288   5.45359   0.08093911291829073
24.0487   5.47493   0.07342740905138802
24.732   6.71941   0.06805653238301163
26.1519   6.7399   0.06131766792695261
26.8359   7.98412   0.05688321369261664
13.4851   1.57707   0.12657985621732976
14.1649   2.82387   0.12153493324966261
15.5846   2.85361   0.11761789362167573
16.2651   4.09993   0.11190562139588875
17.6849   4.12757   0.1063434384435628
18.3664   5.37322   0.10018540013395093
19.7863   5.39864   0.09328168308944726
20.4691   6.64353   0.08711979625779713
21.8891   6.66701   0.07954324861356857
22.5731   7.9112   0.0739174194625324
23.9932   7.93338   0.066453608630382
24.6781   9.17711   0.06178226606397726
26.0981   9.19875   0.05533091450536398
26.7834   10.4424   0.05198749849723435
28.2035   10.4642   0.04751357700699689
28.8887   11.708   0.04552252189850634
15.5245   5.31227   0.11166198995181795
16.2062   6.5579   0.10533787020820191
17.6262   6.58588   0.09940521917887386
18.3092   7.83066   0.09291159454018628
19.7293   7.85656   0.08602973671934587
20.4138   9.1005   0.07990682073515336
21.834   9.12473   0.07264615337373308
22.5197   10.368   0.0675136282538564
23.94   10.3913   0.06077441896061224
24.6264   11.6343   0.05699517523439881
26.0466   11.6573   0.05134958617165235
26.7331   12.9004   0.04928397305412728
28.1533   12.9238   0.045427524695938075
28.8395   14.1673   0.04480825816743988
30.2595   14.1915   0.04295369599929568
30.945   15.4356   0.04318437217327595
35.022   25.3687   0.07122078348347471
36.4415   25.4005   0.07332734824061055
37.1253   26.6466   0.07649875815985578
30.7674   25.2786   0.07285993412019935
32.1873   25.3105   0.07391535699704156
32.8736   26.5548   0.07831532417094535
34.2933   26.5872   0.08001524854676331
34.9779   27.8327   0.08396844645460409
36.3974   27.8656   0.08620197213520905
37.0803   29.1121   0.0893347077008728
38.4996   29.1454   0.09193791383319291
39.1813   30.3927   0.09411700165220148
40.6006   30.426   0.09634152790982779
41.2816   31.6737   0.0972385725933901
26.5071   25.1885   0.07284421734084526
27.9274   25.2206   0.07352176548478567
28.6162   26.4631   0.0790082274196812
30.0363   26.4957   0.07994879611351266
30.7234   27.7394   0.08512161887558492
32.1433   27.7724   0.08659728633161866
32.8286   29.0172   0.09122132426137948
34.2483   29.0506   0.09309462927580922
34.9317   30.2965   0.09696540620241602
36.3512   30.3303   0.09925099495722982
37.0331   31.5772   0.1020605702511985
38.4525   31.6111   0.10431519544151008
39.1334   32.8587   0.10587336775601522
40.5527   32.8922   0.1075302748066796
41.2333   34.1399   0.10781048186516597
42.6526   34.1724   0.10857246428077334
43.3332   35.42   0.10774061444042264
27.8834   27.6793   0.08544050561648342
28.5713   28.9223   0.09133838185560292
29.9913   28.9559   0.0925732142684918
30.6772   30.2001   0.09781666524677528
32.097   30.234   0.09943329422280983
32.781   31.4794   0.1039325742969943
34.2006   31.5136   0.1058507439747136
34.8828   32.7601   0.10930626697495788
36.3023   32.7944   0.11143657388847233
36.9832   34.0417   0.11361153110489919
38.4026   34.076   0.11534470078854993
39.0829   35.3237   0.116259236192228
40.5023   35.3572   0.11716846845461121
41.1824   36.605   0.11683252971668481
42.6018   36.6373   0.1169567868915688
43.282   37.8848   0.11554150769312274
44.7015   37.9153   0.11466869668745922
45.382   39.1625   0.1127710955874785
29.9437   31.4157   0.105077209707909
30.6279   32.6607   0.1098009562799891
32.0477   32.6952   0.11166758706088256
32.7301   33.9413   0.11532189731356368
34.1498   33.976   0.11738896881734466
34.8307   35.223   0.11982821036800698
36.2503   35.2578   0.12183139989346059
36.9304   36.5053   0.12304474795780235
38.3499   36.5397   0.12442873462347735
39.0296   37.7875   0.12442885517435218
40.4491   37.821   0.12489235364905266
41.1289   39.0687   0.12383448631136541
42.5484   39.1008   0.12335501611203348
43.2284   40.3482   0.12153703139372816
44.6479   40.3785   0.12007855761958444
45.328   41.6256   0.11763783405010284
46.7475   41.6537   0.11511372637526714
47.428   42.9005   0.11232782380158554
31.995   35.1561   0.12209688775722458
32.6761   36.4028   0.12477535814414507
34.0958   36.4379   0.12675953613041901
34.7759   37.6852   0.12813762132957085
36.1954   37.7202   0.1298453310673884
36.875   38.9679   0.13010737873003372
38.2945   39.0024   0.13109313483169266
38.974   40.2501   0.13034949175198285
40.3935   40.2836   0.1304768561853042
41.073   41.5311   0.1288233286326681
42.4926   41.5631   0.12794272155929856
43.1722   42.8104   0.1255847920729241
44.5918   42.8404   0.12357172006571748
45.2716   44.0875   0.12066540514994209
46.6912   44.1153   0.11750017021264145
47.3713   45.362   0.1142339704291173
48.7908   45.3873   0.10972483766221906
49.4712   46.6337   0.10609283670446344
34.0393   38.8992   0.13379390868047683
36.1383   40.1819   0.135631780936475
36.8175   41.4296   0.13498874027118216
38.237   41.464   0.13567660078289023
38.9161   42.7117   0.13412423345540328
40.3357   42.745   0.13397481106536233
41.0149   43.9925   0.13165929515229696
42.4345   44.0242   0.13051130219256843
43.114   45.2715   0.1277165611813899
44.5335   45.3013   0.1251460346954677
45.2132   46.5483   0.1217467453363713
46.6327   46.5758   0.11782363939379764
47.3126   47.8226   0.114052400237789
48.7322   47.8476   0.10876589539005202
49.4123   49.094   0.10436565527030324
50.8319   49.1166   0.09818110816241138
38.1778   43.9248   0.1382864418516838
38.8566   45.1725   0.13610058780181689
40.2761   45.2055   0.13557894379290647
40.9552   46.453   0.13268568121692903
42.3747   46.4845   0.1310759321919918
43.054   47.7317   0.12764767917984213
44.4736   47.7614   0.1246681194211276
45.1532   49.0083   0.12063975298383062
46.5728   49.0357   0.11615218465444425
40.2152   47.6655   0.13532723303164162
40.8942   48.9128   0.13178254816173487
42.3138   48.9442   0.12976567342714335
34.424   19.1959   0.049371044145327996
35.1088   20.441   0.051162193072619114
36.5285   20.4701   0.0533391038544912
37.2124   21.7159   0.05540758070878002
38.6319   21.7462   0.05875389348800911
39.3148   22.9928   0.06052718397546674
40.7341   23.0243   0.0647756898844002
41.4162   24.2715   0.06613705466680728
42.8354   24.3039   0.07053183678311425
36.4849   22.9353   0.06200153223913391
37.1689   24.1812   0.06478996835930872
38.5883   24.2127   0.06776614198845726
31.2656   0.675155   0.07083505911622981
32.6852   0.693959   0.07393781170686635
33.3663   1.93948   0.07019436159692562
34.7859   1.95963   0.07589973715369369
35.4666   3.20546   0.07243993097732633
27.0054   0.607431   0.07686694137273949
28.425   0.625735   0.07362583212432969
29.1064   1.87104   0.06888139734355016
30.526   1.88931   0.06831850700944804
31.2074   3.13464   0.06375605147748681
32.627   3.15371   0.06650336908758923
33.3083   4.39923   0.062413467296729856
34.7279   4.41981   0.06792674362870631
35.4089   5.66563   0.06434872881417238
36.8284   5.68822   0.07147796863369955
37.5091   6.9344   0.06848721705544707
24.1649   0.556731   0.08675941337399688
24.8461   1.80228   0.08164931108098766
26.2657   1.82145   0.07582928260243489
26.9473   3.06669   0.0705241270771919
28.367   3.08525   0.06657515752891593
29.0489   4.33034   0.061578104063051205
30.4686   4.34914   0.060418365585308685
31.1506   5.59428   0.05596613350947099
32.5702   5.61406   0.05824644967721097
33.2521   6.85944   0.05446292316796896
34.6717   6.88078   0.0594243081575213
35.3533   8.12653   0.05649227292293963
36.7728   8.14981   0.06305222042085394
37.4539   9.39598   0.06065304938747805
38.8735   9.42141   0.06811104462566979
39.5542   10.668   0.06613236726444913
26.2079   4.28077   0.06861349794318745
26.8905   5.52557   0.0634187992633099
28.3103   5.54488   0.058802785648301194
28.9933   6.78957   0.05433057058415754
30.413   6.80933   0.05272500734945359
31.096   8.05418   0.04911686981068667
32.5156   8.07502   0.05061948735417958
33.1983   9.32023   0.048026717564289494
34.6179   9.34258   0.052122639994535536
35.3   10.5883   0.05006206148372118
36.7196   10.6124   0.05585284236276594
37.4012   11.8586   0.05418616059475012
38.8207   11.8847   0.06078930827045142
39.5019   13.1313   0.059639164984093856
40.9214   13.1595   0.06667690754676658
41.6022   14.4065   0.06575857358550204
28.2558   8.00455   0.05206640855676636
28.9399   9.2488   0.04867671311828705
30.3597   9.26984   0.046695504066238104
31.0436   10.5144   0.04448258086037806
32.4634   10.5365   0.045288409113149554
33.1467   11.7816   0.04383697069825889
34.5664   11.8051   0.04691470984669917
35.2491   13.0508   0.0458565153495117
36.6687   13.0759   0.05043897302681614
37.3508   14.322   0.0496230793079192
38.7704   14.349   0.055320339839882104
39.452   15.5956   0.05476805638325951
40.8715   15.6244   0.06123087456504296
41.5527   16.8715   0.060812498715313204
42.9722   16.9022   0.06769113679057191
43.653   18.1496   0.06718950810952455
30.3087   11.7306   0.04341647152867271
30.9933   12.9749   0.04246987167392966
32.4132   12.9985   0.042689694306708194
33.0972   14.2434   0.04239693385139863
34.517   14.2684   0.04447313795989783
35.2003   15.5138   0.04429480782213528
36.62   15.5402   0.047802301199837124
37.3027   16.7862   0.04780732161500043
38.7223   16.8141   0.05249780947810932
39.4045   18.0607   0.05273566155837815
40.8239   18.0903   0.05838518647739334
41.5056   19.3374   0.05874308469939152
42.9249   19.3687   0.06485221661593467
43.6062   20.6162   0.06473708365380637
45.0254   20.6488   0.07071937499723789
45.7067   21.8964   0.06942751615893966
47.1259   21.9295   0.07476804130107947
47.8078   23.1768   0.07227426928029093
32.365   15.4609   0.04311229523001632
33.0497   16.7056   0.04381392472719273
34.4696   16.732   0.0451475359239017
35.1536   17.9773   0.04591611917398735
36.5733   18.005   0.04857993412922796
37.2567   19.2509   0.04950939304818898
38.6763   19.2799   0.05340514956443622
39.3589   20.5265   0.05452925820144656
40.7783   20.5571   0.05948201408829295
41.4603   21.8042   0.06033357274353937
42.8796   21.8361   0.06576518835980175
43.5611   23.0836   0.0658532459336677
44.9803   23.1163   0.07088758706571971
45.662   24.3638   0.06983222751709851
47.0812   24.3965   0.07431433239961231
43.5171   25.5515   0.07082697226339664
44.9363   25.5841   0.07486160564668695
45.6181   26.8315   0.0739257059486047
47.0374   26.8636   0.07732586889262903
47.72   28.1105   0.07556573297467342
49.1395   28.1415   0.07858027742379159
49.8232   29.3876   0.07624893441878318
51.2428   29.4175   0.07928038849551752
51.9275   30.6629   0.0768819874873176
39.2712   25.4594   0.07008687466280535
40.6904   25.4917   0.07368317311299633
41.3724   26.7391   0.07520332439460323
42.7915   26.7718   0.07861653770040854
43.4731   28.0194   0.0788394571264937
44.8923   28.0517   0.08175995352248927
45.5742   29.2991   0.08096968568544684
46.9935   29.3304   0.08326938212812632
47.6761   30.5771   0.08169473667256662
49.0956   30.6071   0.0837776819922811
49.7789   31.8532   0.08178123256591188
51.1986   31.8817   0.08387860275421856
51.8827   33.1272   0.08164079862421769
53.3025   33.1545   0.08377380258768186
53.9873   34.3993   0.08114105003017662
38.5446   26.6792   0.07934746372758342
39.227   27.9262   0.0817350597968798
40.6462   27.9591   0.08465098936220494
41.3278   29.2067   0.0860096506213113
42.747   29.2394   0.08856415753565404
43.4283   30.4871   0.08857657703930676
44.8476   30.5189   0.09044871475040414
45.5292   31.7662   0.08942175350551093
46.9486   31.7967   0.09071455230556891
47.6308   33.0434   0.08914802297302737
49.0503   33.0722   0.09011176393789991
49.7331   34.3184   0.08809665146871293
51.1528   34.3456   0.08904976136969704
51.8361   35.5913   0.08660213623231078
53.2559   35.6171   0.0875564389408336
53.9399   36.8622   0.08462511447555061
55.3597   36.8867   0.08559637842806113
56.0444   38.1312   0.08235927391617977
42.7009   31.7064   0.09889615766044543
43.3819   32.954   0.09855566954772332
44.8012   32.9854   0.09942705869128482
45.4825   34.2327   0.09826708502850862
46.9019   34.2623   0.09843241336063907
47.5836   35.5091   0.09661707923550283
49.0031   35.5369   0.09650274607491917
49.6853   36.7832   0.09421411783803955
51.1049   36.8092   0.09378406047937898
51.7876   38.0551   0.09103246673577639
53.2072   38.0795   0.09052132345475376
53.8906   39.3247   0.08722918089721876
55.3103   39.3477   0.08689039072302499
55.9943   40.5924   0.08351059812981766
57.4141   40.6142   0.08382135766020106
58.0985   41.8585   0.08073592756635724
44.7526   35.4509   0.10767678487027846
45.4335   36.6982   0.10614848091235246
46.8529   36.7271   0.10538813975016227
47.5341   37.974   0.10324403130447579
48.9537   38.0009   0.10192649312126784
49.6353   39.2473   0.09926535145759928
51.0548   39.2723   0.097495538359456
51.7369   40.5182   0.09436074395637022
53.1565   40.5414   0.092453934475499
53.8392   41.7868   0.08900325836731901
55.2589   41.8085   0.08735954441273279
55.942   43.0534   0.08397475811218541
57.3618   43.0738   0.08330672241782225
58.0451   44.3184   0.08013139210072355
59.4649   44.3382   0.08135213580478456
60.148   45.5827   0.07874293619112971
46.8015   39.191   0.1110355798832072
47.4823   40.4378   0.10851585137665483
48.9018   40.4641   0.10616590789891245
49.5829   41.7105   0.10313437836143896
51.0025   41.7346   0.1000227974013903
51.684   42.9806   0.09666483331594841
53.1036   43.0028   0.09341836007980282
53.7856   44.2483   0.0898283362864981
55.2052   44.2688   0.08692951167468779
55.8875   45.514   0.08338830853303443
57.3071   45.5333   0.08176912620298471
57.9894   46.7783   0.07839885203241208
59.4091   46.7971   0.07908748320689013
60.0911   48.0421   0.07585229067074743
61.5108   48.0611   0.07931897629193133
62.1923   49.3064   0.07631887053671808
48.8475   42.9262   0.10877541082432354
49.5282   44.1726   0.10546596607436956
50.9477   44.1961   0.10128899249178008
51.6288   45.4421   0.09768136976926545
53.0483   45.4634   0.09306605181267844
53.7297   46.7091   0.08928594514255977
55.1493   46.7287   0.08519735911400104
55.8308   47.9741   0.08121262217168061
57.2504   47.9927   0.0787416662257002
57.9319   49.238   0.07469310543818557
59.3515   49.2562   0.07479318150740896
50.8907   46.6567   0.1007428409367148
51.5713   47.9027   0.09657566981388267
52.9909   47.9235   0.09101324079495231
53.6719   49.1692   0.0866049074821952
55.0915   49.1884   0.08155813877228978
47.7636   25.6436   0.07207808266040341
49.183   25.6757   0.07595083936336547
49.8665   26.922   0.07303622388924576
44.0448   0.914922   0.11211091086954941
45.4644   0.945855   0.11864400796078907
46.1436   2.19296   0.11670700450272782
39.7854   0.825006   0.09596238273406923
41.205   0.851704   0.10397527218045459
41.8847   2.09837   0.10183042227153888
43.3043   2.12738   0.10925907925659839
43.9837   3.37436   0.10699717566365964
45.4033   3.40534   0.11380497748341112
46.0824   4.65259   0.1114233117439977
47.502   4.68516   0.11767526885459027
48.1808   5.93269   0.11534058955978996
35.5256   0.745832   0.07940729510567499
36.9452   0.767787   0.08695362122419033
37.6256   2.01386   0.08414113203421905
39.0452   2.03813   0.09236902294600687
39.7252   3.28458   0.08968556684327686
41.1448   3.31134   0.09785243788480634
41.8245   4.55812   0.09532196808710885
43.244   4.58724   0.10290597650282439
43.9235   5.8343   0.10049510236822527
45.3431   5.86547   0.10760451477517168
46.0223   7.11279   0.10529004891251646
47.442   7.14564   0.11183575859267875
48.121   8.39319   0.10950433964003452
49.5406   8.42734   0.11541484349943844
50.2196   9.67501   0.11273285412868785
52.3183   10.9577   0.1145650470256952
36.8861   3.22759   0.07988172506900239
37.5665   4.47377   0.07662545530044083
38.9861   4.49825   0.08488751380503469
39.6662   5.74477   0.08199736825045084
41.0857   5.77173   0.09011745724331086
41.7656   7.01856   0.08768139825527334
43.1852   7.04789   0.09548504647325735
43.8648   8.295   0.09328127572026469
45.2844   8.32641   0.10065163138270487
45.9639   9.57379   0.09857561818218455
47.3835   9.60688   0.1054107627332233
48.0628   10.8545   0.10312982109942676
49.4824   10.8888   0.1092777653505044
50.1617   12.1364   0.10646299826700206
51.5814   12.1714   0.11166852734768216
52.261   13.4189   0.10789230741809097
53.6807   13.4542   0.11231215428438687
54.3611   14.7012   0.10745105862670734
38.9286   6.95929   0.07635725243878401
39.609   8.20584   0.0738177654768818
41.0286   8.23311   0.08192110594956489
41.7087   9.47999   0.07982322719609872
43.1283   9.50957   0.08768809782404847
43.8082   10.7568   0.08582109297835853
45.2278   10.7884   0.09339298688873754
45.9074   12.0358   0.09160054584990096
47.327   12.0691   0.09854998731608135
48.0066   13.3167   0.09637868021507687
49.4262   13.351   0.10251141399863603
50.1059   14.5986   0.09938923482953288
51.5256   14.6335   0.10460181642782349
52.2058   15.8808   0.10027133189501253
53.6256   15.9157   0.10456065225504305
54.307   17.1623   0.09899237344361433
55.7268   17.1972   0.10276370954767934
56.4098   18.4427   0.09605264181687144
40.9738   10.6957   0.07385072782308848
41.6542   11.9426   0.0723274498375274
43.0737   11.9725   0.0800496096180359
43.7539   13.2198   0.07867585398328988
45.1734   13.2516   0.0861654803271014
45.8534   14.4992   0.08456867032181595
47.2729   14.5325   0.09156352985768965
47.9529   15.7802   0.08911262536812517
49.3724   15.8144   0.09521880066457514
50.0527   17.0619   0.09159011955445885
51.4723   17.0964   0.09668034960631874
52.1536   18.3434   0.09171755557143857
53.5733   18.3779   0.0960377529932879
54.256   19.6239   0.08996949483019169
55.6759   19.6581   0.09376678516404356
56.3606   20.903   0.08687715464953898
57.7806   20.937   0.0904569510872428
58.4673   22.1805   0.08299644570702924
43.0217   14.4367   0.07317561069099365
43.7022   15.6841   0.07213799276386906
45.1216   15.7161   0.07945652899541988
45.802   16.9638   0.07791816219598573
47.2214   16.9971   0.0846090420699811
47.9019   18.2448   0.08202109484760672
49.3213   18.2788   0.08777300268305609
50.0025   19.526   0.08382445943756596
51.422   19.5601   0.08862826862801751
52.1045   20.8066   0.0835101191473226
53.5242   20.8404   0.08774263501855842
54.2084   22.0858   0.08176172698763186
55.6283   22.1193   0.08567759333687985
56.3144   23.3635   0.0792694771018451
57.7345   23.3966   0.082986504927007
58.4225   24.6395   0.0764937252328584
59.8428   24.6722   0.07996536750368828
45.0724   18.1819   0.07395228191205341
45.7532   19.4296   0.07246902786708263
47.1725   19.4629   0.0786163469006286
47.8536   20.7104   0.07595742228380228
49.273   20.744   0.0811499845964247
49.9551   21.991   0.0772717930424799
51.3747   22.0244   0.08180672344006949
52.0583   23.2703   0.0769307480790342
53.478   23.3033   0.08111411714368798
54.1634   24.5481   0.07576998086313567
55.5834   24.5805   0.07990206505466542
49.2271   23.2098   0.07688192245254957
49.9102   24.4563   0.07330334235217303
51.3297   24.4888   0.07755275623728605
53.3473   30.6917   0.07995448705357154
54.0328   31.9363   0.07732877860150107
55.4528   31.9642   0.08040435311598561
56.1391   33.2081   0.07759780924742558
57.5593   33.2352   0.08052955979018034
58.2464   34.4784   0.07775950102720584
59.6667   34.5045   0.08060434231479197
60.3544   35.7471   0.07827579447057582
61.7748   35.7724   0.08150368089847186
62.4629   37.0146   0.08026406418815228
63.8833   37.0396   0.08434079677119388
64.5713   38.2816   0.08453579123660761
65.9918   38.3069   0.08986334069018154
66.679   39.5493   0.09116671541741345
68.0994   39.5757   0.09751148650287243
68.7854   40.8187   0.09947185531595902
55.4072   34.4255   0.08326019457099386
56.0927   35.6697   0.08034830427582061
57.5128   35.6949   0.08248884773107028
58.199   36.9384   0.0795606686749174
59.6191   36.9627   0.08207344272052983
60.3059   38.2057   0.07971135427277537
61.7262   38.2293   0.08310986704356929
62.4131   39.4721   0.0818528557840211
63.8333   39.4956   0.086547328092783
64.5198   40.7385   0.08643708694767406
65.9401   40.7627   0.09257515865500712
66.6256   42.006   0.09337130180092797
68.0457   42.0316   0.10028973028181537
68.7299   43.2757   0.10153684060477498
70.1499   43.3032   0.10878147820286259
70.8326   44.5482   0.1096585154012244
57.4644   38.1546   0.08357212453922495
58.1497   39.3985   0.08047440586919478
59.5698   39.421   0.08263346779604383
60.2555   40.6645   0.08024892522644429
61.6756   40.6866   0.08377953210659699
62.3611   41.93   0.08243063750814857
63.7812   41.9523   0.08767223049518039
64.466   43.196   0.08720550441341958
65.8861   43.2193   0.09400042553094817
66.5698   44.4636   0.09411843602610108
67.9898   44.4886   0.10169056003386284
68.6722   45.7337   0.10181758197875554
70.0921   45.7608   0.10946661591553995
70.7733   47.0066   0.10923808859551085
72.193   47.0358   0.11631345579940257
72.8733   48.2823   0.115459300188422
59.5184   41.8795   0.0823629164126651
60.2029   43.1235   0.08002724536056473
61.6228   43.1443   0.08353502259531546
62.3069   44.3884   0.08211857280786089
63.7268   44.4097   0.08763024591999981
64.41   45.6542   0.08666764102016414
65.8299   45.6768   0.09391613279942457
66.512   46.9219   0.09313758639776042
67.9318   46.9465   0.10093012434352687
68.6129   48.1923   0.10005583441259108
70.0326   48.2191   0.10791255719331579
70.7128   49.4655   0.10656505055598854
72.1325   49.4945   0.11388652246863638
61.5678   45.6025   0.08231457951055712
62.2504   46.8473   0.08022025928653949
63.6702   46.8678   0.08602127643786663
64.352   48.113   0.08421953455107933
65.7717   48.1351   0.09160753244138568
66.4527   49.3809   0.08985911194753698
67.8724   49.4051   0.09797918146218655
63.612   49.3266   0.08225873813765923
60.5324   25.9141   0.07395681172143652
56.2704   25.8242   0.07461293453550823
57.6906   25.8562   0.07836293766826183
58.3791   27.0989   0.07335489077082732
59.7995   27.1302   0.07680332024072815
60.4893   28.372   0.07245281222975418
61.9098   28.4026   0.07549549655442854
62.6006   29.6436   0.07226797354291796
52.0142   25.7343   0.07339884195271795
53.434   25.7661   0.07751012837042687
54.12   27.0106   0.07332577991402443
55.54   27.0418   0.0773958009196873
56.2273   28.2853   0.07327120853377532
57.6475   28.3158   0.07712515802252846
58.336   29.5585   0.07334343869767734
59.7564   29.5883   0.07667548500009518
60.4458   30.8302   0.07361704965563222
61.8663   30.8591   0.07663386979658517
62.5564   32.1004   0.07474081883415361
63.9771   32.1286   0.07792310312096232
64.6676   33.3694   0.0777880453540243
51.2861   26.9532   0.07673910346101125
51.971   28.1985   0.0735989809712058
53.3908   28.2289   0.07739160161154339
54.0768   29.4734   0.07423644657444227
55.4968   29.503   0.07792117812251007
56.1839   30.7466   0.07485038410055068
57.604   30.7755   0.0783271983413178
58.292   32.0184   0.07537917484292304
59.7123   32.0464   0.07843302875702082
60.401   33.2886   0.07601703756395797
61.8215   33.3157   0.07911643318552598
62.5106   34.5574   0.07772348422452373
63.9312   34.584   0.08133947381191807
64.6205   35.8253   0.08146471628871285
66.0412   35.8519   0.08613930577849072
66.73   37.0934   0.08774217913865712
56.8218   1.22624   0.1441111723635621
58.2415   1.26324   0.14692329835665974
58.9194   2.51112   0.1432799790619749
52.5629   1.11733   0.13586741478367703
53.9826   1.15293   0.14109363699330965
54.6605   2.40082   0.13893992262844998
56.0801   2.43735   0.1432891426452125
56.7581   3.68525   0.1397092996188872
58.1778   3.72221   0.14255169904283874
58.8564   4.96975   0.13772098641819205
60.2761   5.00648   0.13918956282710285
60.9556   6.25346   0.13370000598354453
48.304   1.01335   0.12472365493361694
49.7237   1.04683   0.1303500751821789
50.4022   2.29435   0.12856042509263982
51.8218   2.3289   0.13416518326302151
52.4999   3.57672   0.13190055193212813
53.9195   3.61237   0.13698961420487352
54.5975   4.86027   0.1337562873288574
56.0172   4.89677   0.13786887828658037
56.6957   6.14441   0.1334794366185285
58.1155   6.18122   0.13634131288791296
58.7949   7.42834   0.13109506321749875
60.2147   7.46492   0.13286031913253868
60.8951   8.71144   0.12731841972000751
62.3151   8.74752   0.12828502796507407
62.9964   9.99344   0.12252713005697949
47.5633   2.22535   0.12274351958453845
48.242   3.47276   0.12060410813898462
49.6616   3.50636   0.12637836048944448
50.34   4.75406   0.1239233634146525
51.7596   4.78878   0.12938450293601658
52.4379   6.03663   0.12651543818838923
53.8575   6.07235   0.13127088633813647
54.5361   7.32007   0.12752662623938532
55.9558   7.35643   0.13137777742068857
56.635   8.60375   0.126789195123243
58.0548   8.64025   0.12965111492000272
58.735   9.887   0.12447864113975579
60.1549   9.92327   0.12649456154317437
60.836   11.1694   0.12082218339361361
62.2561   11.2053   0.12213058584973628
62.9384   12.4506   0.11586785576681702
64.3586   12.4861   0.11632067743956682
65.0425   13.7306   0.10922481403051196
49.6005   5.96656   0.12115296777215065
50.2791   7.21428   0.11855019358904359
51.6987   7.24921   0.12384818327290847
52.3774   8.49695   0.12063841054987406
53.797   8.53265   0.12515291007403698
54.4762   9.78015   0.12121145531673035
55.8959   9.81623   0.1249895819658582
56.5758   11.0633   0.1202173864297498
57.9957   11.0993   0.12313553508228173
58.6765   12.3457   0.11768479086101152
60.0965   12.3816   0.12002324774809238
60.7786   13.6272   0.11379336536020039
62.1988   13.6628   0.11527861900630114
62.8825   14.9074   0.1082247199118579
64.3029   14.9427   0.10896852756644936
64.9885   16.1861   0.10100539589546574
66.4091   16.2211   0.10093309665317896
67.0969   17.4632   0.09250886444011713
51.6392   9.71006   0.11797994575350411
53.7381   10.9932   0.11902323302616023
54.4177   12.2405   0.11482686967778803
55.8375   12.2762   0.11841879073863261
56.5181   13.5229   0.11327506345175906
57.938   13.5585   0.11626990152227644
58.6198   14.8044   0.11009268822224295
60.0399   14.8399   0.11252204228505537
60.7234   16.0847   0.10541271270582273
62.1437   16.12   0.10729384884512197
62.8292   17.3636   0.09931112727182366
64.2497   17.3986   0.10053472037062544
64.9374   18.641   0.09202380126901978
66.3581   18.6757   0.09261997624702845
67.048   19.9167   0.08423146680427467
68.4689   19.951   0.08420314720959023
69.1606   21.1909   0.07690390107140181
55.7809   14.7365   0.1111751770855342
56.4625   15.9827   0.10510252137793807
57.8825   16.0179   0.10827284978239085
58.5657   17.2631   0.1012554689880989
59.9859   17.2981   0.10397086130257921
60.6712   18.542   0.09607044290519405
62.0915   18.5768   0.09827120636279825
62.779   19.8195   0.08991095595087285
64.1996   19.854   0.09169760084102306
64.8892   21.0953   0.08327892890761743
66.3101   21.1295   0.08461359228871021
67.0016   22.3697   0.07716566594023584
68.4226   22.4036   0.07819827363823359
69.1156   23.6428   0.07279986263723208
70.5368   23.6764   0.07367238288531165
71.2307   24.915   0.07140455167564379
57.8298   18.4774   0.0993874237517003
58.5149   19.7217   0.09176824069360841
59.9351   19.7562   0.0947230172661321
60.6222   20.9992   0.08668454302815333
62.0427   21.0334   0.08928488113896944
62.7319   22.2752   0.08124241503057432
64.1526   22.309   0.08354286324995064
64.8436   23.5496   0.07623929433041725
66.2645   23.583   0.07827004535580585
66.9571   24.8226   0.07276111598924141
68.3782   24.8558   0.07470709470994037
59.8876   22.2142   0.08621380399912887
60.5763   23.4565   0.07879054511805172
61.9968   23.4898   0.08171915320168248
62.6872   24.731   0.07496859342417948
64.1079   24.7638   0.07762325682422687
70.2056   40.8467   0.10629741295064488
70.8901   42.0907   0.1082366388982944
72.3101   42.1207   0.11485669331823879
72.993   43.3656   0.11627097660206745
74.4129   43.3973   0.1222967293103124
75.0945   44.643   0.12286142600507267
76.5144   44.6761   0.1282671431037578
77.195   45.9224   0.12826102291810831
78.6148   45.9563   0.1332728779609727
79.2947   47.203   0.13306430776132577
80.7144   47.2378   0.13808450311312953
81.3935   48.4849   0.13778570317707098
82.8132   48.5206   0.1427571364240663
83.4916   49.7682   0.14196400952354177
84.9112   49.8047   0.14613209777457944
72.2525   44.5778   0.11659206662547503
72.9338   45.8236   0.11684164497301844
74.3536   45.855   0.12301816938973077
75.034   47.1014   0.12255859822958425
76.4537   47.134   0.12819251148175628
77.1334   48.3808   0.12731162554927858
78.5531   48.4144   0.132732889669441
79.2322   49.6616   0.13176797790055153
80.6519   49.6961   0.137187499430523
74.293   48.3133   0.12185708842738846
74.9726   49.5602   0.12045202364427106
76.3922   49.5926   0.1262857474143463
69.0718   26.0947   0.07201319323568063
70.493   26.1278   0.07394552048636632
71.1869   27.3664   0.07467616755029131
72.6082   27.3997   0.07661109580210958
73.3019   28.6385   0.08045122746111819
64.7997   26.004   0.07217014618247519
66.2207   26.0364   0.07470783091483585
66.9136   27.2758   0.07178028977372677
68.3347   27.308   0.07445737035377735
69.0281   28.5469   0.07455025150863043
70.4493   28.5793   0.07747586721037596
71.1426   29.8182   0.0805224192383747
72.5637   29.8511   0.08349113725420167
73.2562   31.0905   0.08863063804351616
74.6773   31.124   0.09162112201889146
75.3684   32.3642   0.0977143796992008
61.9529   25.9462   0.07694296589032769
62.6438   27.1871   0.07191592313250166
64.0645   27.2186   0.07485272206139049
64.7565   28.4587   0.07163134788624095
66.1774   28.4898   0.07462727383470696
66.8699   29.7293   0.07397533372685909
68.291   29.7603   0.07741853783171053
68.9836   30.9997   0.07945036186198193
70.4046   31.0311   0.08318497460479427
71.0967   32.2708   0.08746393542483759
72.5177   32.303   0.09138156269182832
73.2085   33.5433   0.09676988167813358
74.6294   33.5765   0.10069071456693812
75.3185   34.8179   0.106275726297213
76.7391   34.852   0.10981716623551595
77.4262   36.0946   0.11482830661469695
64.0213   29.6736   0.07530351917407041
64.7127   30.9139   0.07395600043269147
66.1336   30.9435   0.07742021699788895
66.8252   32.1835   0.0782821180091584
68.2461   32.2132   0.0823332253710498
68.9375   33.4532   0.08544629892511524
70.3584   33.4836   0.08994959699743092
71.0487   34.7242   0.0943035524251306
72.4695   34.7557   0.09918190359132904
73.1583   35.9972   0.10398403723648951
74.5789   36.03   0.10869811405907705
75.2659   37.2726   0.11320150175682324
76.6863   37.3066   0.11750527647727077
77.3713   38.5503   0.12109314596623488
78.7915   38.5852   0.12476574048992548
79.4749   39.8299   0.12731201828578412
66.0884   33.3975   0.08169296175313738
66.7787   34.6381   0.08323064339532711
68.1995   34.6665   0.08801829355310255
68.8892   35.9075   0.09111756142478834
70.3099   35.937   0.09651958350510906
70.9983   37.1786   0.1003669268235279
72.4188   37.2095   0.10598193242246692
73.1056   38.4522   0.1098593191313291
74.5259   38.4847   0.11510820995914454
75.2108   39.7284   0.11832341272968849
76.631   39.7623   0.12307497714807572
77.3142   41.007   0.1252278323696416
78.7343   41.0417   0.1294309468403902
79.4163   42.2872   0.1307853967383206
80.8362   42.3225   0.1344684721412465
81.5173   43.5686   0.13556625686357546
68.1506   37.1207   0.09330964580363449
68.8385   38.3626   0.0959830193315421
70.259   38.3913   0.10210274237257108
70.9454   39.6341   0.10502280704685221
72.3657   39.6645   0.11134787829141649
73.0504   40.9084   0.11390114134634045
74.4705   40.9405   0.11972338952769015
75.1536   42.1853   0.12149407392955454
76.5736   42.2188   0.12666818858734497
77.2554   43.4644   0.12759110470561794
78.6753   43.4988   0.13216746952256692
79.3562   44.7449   0.1326554936668682
80.776   44.78   0.1370294129010266
81.4561   46.0266   0.13751523551956193
82.8759   46.0624   0.14186426611377587
83.5551   47.3095   0.1421607892493549
